{
    "w": 1024,
    "h": 1024,
    "fl_x": 537.0688149694392,
    "fl_y": 329.8780930374881,
    "cx": 512.11962127194,
    "cy": 512.0614926396403,
    "k1": -0.040900098991313374,
    "k2": -0.006279315814077201,
    "p1": 0.08357936791863312,
    "p2": -0.00010600250549300636,
    "camera_model": "OPENCV",
    "frames": [
        {
            "file_path": "images/frame_00120.png",
            "transform_matrix": [
                [
                    0.189195094108832,
                    -0.8349925627866948,
                    0.5167133019925632,
                    2.3021844112060017
                ],
                [
                    0.5166102552617293,
                    -0.3628609607699861,
                    -0.7755293465159739,
                    0.7419322605272081
                ],
                [
                    0.835056321767317,
                    0.4136657385377598,
                    0.36271420738158133,
                    2.106914568425004
                ],
                [
                    0.0,
                    0.0,
                    0.0,
                    1.0
                ]
            ],
            "colmap_im_id": 120
        },
        {
            "file_path": "images/frame_00119.png",
            "transform_matrix": [
                [
                    0.2916542963987076,
                    -0.8134956936529415,
                    0.5031525889829986,
                    2.17105624447381
                ],
                [
                    0.5022606691891865,
                    -0.3174243971350782,
                    -0.8043481660879586,
                    0.4388494864497636
                ],
                [
                    0.8140466765350777,
                    0.487305354486847,
                    0.3160087022704328,
                    1.6360703656153819
                ],
                [
                    0.0,
                    0.0,
                    0.0,
                    1.0
                ]
            ],
            "colmap_im_id": 119
        },
        {
            "file_path": "images/frame_00118.png",
            "transform_matrix": [
                [
                    0.39262490502219444,
                    -0.7834560470207592,
                    0.48170769803161617,
                    1.9388701560312223
                ],
                [
                    0.48268947498200115,
                    -0.2702954438528317,
                    -0.8330373603710706,
                    0.13475205627378645
                ],
                [
                    0.7828515534237079,
                    0.5595864503533003,
                    0.2720412650372742,
                    1.2018375893674658
                ],
                [
                    0.0,
                    0.0,
                    0.0,
                    1.0
                ]
            ],
            "colmap_im_id": 118
        },
        {
            "file_path": "images/frame_00117.png",
            "transform_matrix": [
                [
                    0.487580697895899,
                    -0.7441342702730696,
                    0.4566500310352719,
                    1.6798732555663254
                ],
                [
                    0.4582321447330585,
                    -0.22709451136611922,
                    -0.8593319407776746,
                    -0.13759518362434414
                ],
                [
                    0.7431610623362138,
                    0.6282453905223262,
                    0.23025934229637732,
                    0.7808853767529246
                ],
                [
                    0.0,
                    0.0,
                    0.0,
                    1.0
                ]
            ],
            "colmap_im_id": 117
        },
        {
            "file_path": "images/frame_00115.png",
            "transform_matrix": [
                [
                    0.6592250963133396,
                    -0.6433545825956825,
                    0.3892520435961813,
                    1.0036432152639732
                ],
                [
                    0.39345804388336986,
                    -0.14601040781526464,
                    -0.9076738007197809,
                    -0.6145968884725829
                ],
                [
                    0.6407909488235148,
                    0.7515156963515502,
                    0.15687931043673134,
                    0.028047421186586905
                ],
                [
                    0.0,
                    0.0,
                    0.0,
                    1.0
                ]
            ],
            "colmap_im_id": 116
        },
        {
            "file_path": "images/frame_00116.png",
            "transform_matrix": [
                [
                    0.5773388417841091,
                    -0.6967582244486945,
                    0.42568514001605234,
                    1.3609592243013005
                ],
                [
                    0.42844257493038973,
                    -0.18529371398835673,
                    -0.8843659873284468,
                    -0.3775501007856314
                ],
                [
                    0.6950660556770132,
                    0.6929604723355467,
                    0.19154362956281118,
                    0.39348129138373994
                ],
                [
                    0.0,
                    0.0,
                    0.0,
                    1.0
                ]
            ],
            "colmap_im_id": 115
        },
        {
            "file_path": "images/frame_00114.png",
            "transform_matrix": [
                [
                    0.7350224979056628,
                    -0.5813926618278922,
                    0.3488903844263958,
                    0.58368511139522
                ],
                [
                    0.3534425105524823,
                    -0.11058768574182197,
                    -0.9288965257210442,
                    -0.8194077392733532
                ],
                [
                    0.5786366038429287,
                    0.8060725380106596,
                    0.1242044450016802,
                    -0.2933227980337848
                ],
                [
                    0.0,
                    0.0,
                    0.0,
                    1.0
                ]
            ],
            "colmap_im_id": 114
        },
        {
            "file_path": "images/frame_00113.png",
            "transform_matrix": [
                [
                    0.7989123885478008,
                    -0.5087790481761945,
                    0.3207536056878758,
                    0.30606864567148373
                ],
                [
                    0.31394356139762963,
                    -0.10212044267550091,
                    -0.9439337134803125,
                    -0.9609771733226515
                ],
                [
                    0.5130091964885428,
                    0.8548188669681345,
                    0.07814261957148746,
                    -0.785110723070837
                ],
                [
                    0.0,
                    0.0,
                    0.0,
                    1.0
                ]
            ],
            "colmap_im_id": 113
        },
        {
            "file_path": "images/frame_00112.png",
            "transform_matrix": [
                [
                    0.8574312073733147,
                    -0.4388981563818532,
                    0.2686636055496728,
                    -0.22429138385899658
                ],
                [
                    0.2683861228839336,
                    -0.06404988919082424,
                    -0.9611797442403649,
                    -1.1337787059331532
                ],
                [
                    0.43906789186374123,
                    0.896251092060285,
                    0.06287580071121653,
                    -0.931805693769849
                ],
                [
                    0.0,
                    0.0,
                    0.0,
                    1.0
                ]
            ],
            "colmap_im_id": 112
        },
        {
            "file_path": "images/frame_00111.png",
            "transform_matrix": [
                [
                    0.9069887817920577,
                    -0.3598816597251379,
                    0.2187613784397042,
                    -0.7352557752928233
                ],
                [
                    0.21878606256441374,
                    -0.0412201109007679,
                    -0.9749018213568424,
                    -1.2726813915332225
                ],
                [
                    0.35986665381904975,
                    0.9320869559492871,
                    0.041350913149188075,
                    -1.1464568848848742
                ],
                [
                    0.0,
                    0.0,
                    0.0,
                    1.0
                ]
            ],
            "colmap_im_id": 111
        },
        {
            "file_path": "images/frame_00110.png",
            "transform_matrix": [
                [
                    0.9460564412904822,
                    -0.2771440791408854,
                    0.167834350744831,
                    -1.254179124752381
                ],
                [
                    0.16701909728798062,
                    -0.02672472791087576,
                    -0.9855914011694694,
                    -1.387975658774416
                ],
                [
                    0.27763614864404174,
                    0.9604566353122043,
                    0.02100525293499981,
                    -1.3516316466916676
                ],
                [
                    0.0,
                    0.0,
                    0.0,
                    1.0
                ]
            ],
            "colmap_im_id": 110
        },
        {
            "file_path": "images/frame_00109.png",
            "transform_matrix": [
                [
                    0.9750797665484691,
                    -0.1898854950497779,
                    0.114729889904434,
                    -1.7920225636522313
                ],
                [
                    0.11452852819841813,
                    -0.012070947636382183,
                    -0.9933466204965233,
                    -1.4581995544027755
                ],
                [
                    0.1900070132823705,
                    0.981732036246582,
                    0.009977169470976736,
                    -1.473541036785343
                ],
                [
                    0.0,
                    0.0,
                    0.0,
                    1.0
                ]
            ],
            "colmap_im_id": 109
        },
        {
            "file_path": "images/frame_00108.png",
            "transform_matrix": [
                [
                    0.9930694961552048,
                    -0.10216684804483912,
                    0.058093983910819345,
                    -2.3695108029702747
                ],
                [
                    0.057996099484199454,
                    -0.003930764540489329,
                    -0.9983090711471805,
                    -1.5111876532458908
                ],
                [
                    0.10222244494565087,
                    0.9947595107616262,
                    0.002021756321467098,
                    -1.5575039944119184
                ],
                [
                    0.0,
                    0.0,
                    0.0,
                    1.0
                ]
            ],
            "colmap_im_id": 108
        },
        {
            "file_path": "images/frame_00106.png",
            "transform_matrix": [
                [
                    0.9957342674445557,
                    0.0748250503786593,
                    -0.053985928467378805,
                    -3.5028204574431556
                ],
                [
                    -0.05412914610963949,
                    -0.00011407976630126249,
                    -0.998533936592667,
                    -1.5108519463638874
                ],
                [
                    -0.0747215108124504,
                    0.997196670081503,
                    0.003936622952079352,
                    -1.5125470074869045
                ],
                [
                    0.0,
                    0.0,
                    0.0,
                    1.0
                ]
            ],
            "colmap_im_id": 107
        },
        {
            "file_path": "images/frame_00107.png",
            "transform_matrix": [
                [
                    0.9999108225339323,
                    -0.013284405524973236,
                    0.0013680458190737427,
                    -2.9476534266064434
                ],
                [
                    0.0013311428964936848,
                    -0.0027863578679940015,
                    -0.9999952321228439,
                    -1.5337011935494187
                ],
                [
                    0.013288154051791354,
                    0.9999078761464376,
                    -0.0027684259456110666,
                    -1.5928300115758023
                ],
                [
                    0.0,
                    0.0,
                    0.0,
                    1.0
                ]
            ],
            "colmap_im_id": 106
        },
        {
            "file_path": "images/frame_00105.png",
            "transform_matrix": [
                [
                    0.19054628881787383,
                    -0.8367044959225689,
                    0.5134371415477214,
                    2.2689863798312095
                ],
                [
                    0.5205142781044426,
                    -0.357332022138149,
                    -0.7754861135082125,
                    0.7409208796380675
                ],
                [
                    0.8323202497279194,
                    0.4150173640435071,
                    0.36742834598766716,
                    2.1601607250359174
                ],
                [
                    0.0,
                    0.0,
                    0.0,
                    1.0
                ]
            ],
            "colmap_im_id": 105
        },
        {
            "file_path": "images/frame_00104.png",
            "transform_matrix": [
                [
                    0.2929920013146661,
                    -0.8152167295141637,
                    0.499577192319523,
                    2.1270538146968887
                ],
                [
                    0.5046298285121515,
                    -0.3119536382778977,
                    -0.8050053811875914,
                    0.42788409747704215
                ],
                [
                    0.8120987768377832,
                    0.48796169059201094,
                    0.31998275761853673,
                    1.6821941154250504
                ],
                [
                    0.0,
                    0.0,
                    0.0,
                    1.0
                ]
            ],
            "colmap_im_id": 104
        },
        {
            "file_path": "images/frame_00103.png",
            "transform_matrix": [
                [
                    0.3924172424712358,
                    -0.7832657240604856,
                    0.4821861811824084,
                    1.9482050506260455
                ],
                [
                    0.4840903636561398,
                    -0.26987871285039283,
                    -0.8323592975184945,
                    0.14792140739871373
                ],
                [
                    0.7820902937810555,
                    0.56005382407606,
                    0.27326632890139246,
                    1.211502989956401
                ],
                [
                    0.0,
                    0.0,
                    0.0,
                    1.0
                ]
            ],
            "colmap_im_id": 103
        },
        {
            "file_path": "images/frame_00102.png",
            "transform_matrix": [
                [
                    0.48747955853738795,
                    -0.7437312300919424,
                    0.4574139672048934,
                    1.6845528047148448
                ],
                [
                    0.45956408475385585,
                    -0.22688583903656342,
                    -0.8586755312974893,
                    -0.12605662515602714
                ],
                [
                    0.7424045608780593,
                    0.6287978001159041,
                    0.23118995340813417,
                    0.7930545000563742
                ],
                [
                    0.0,
                    0.0,
                    0.0,
                    1.0
                ]
            ],
            "colmap_im_id": 102
        },
        {
            "file_path": "images/frame_00101.png",
            "transform_matrix": [
                [
                    0.576674675390959,
                    -0.6965766469565514,
                    0.42688088933272744,
                    1.3733462233907814
                ],
                [
                    0.428278928609267,
                    -0.18720586284453478,
                    -0.8840424900568589,
                    -0.3807943710683674
                ],
                [
                    0.6957179587103028,
                    0.6926290059125456,
                    0.19037221986563094,
                    0.3870698400901004
                ],
                [
                    0.0,
                    0.0,
                    0.0,
                    1.0
                ]
            ],
            "colmap_im_id": 101
        },
        {
            "file_path": "images/frame_00100.png",
            "transform_matrix": [
                [
                    0.6589491225960254,
                    -0.6404402845728306,
                    0.39448991840882336,
                    1.0430228407849713
                ],
                [
                    0.3942815374254235,
                    -0.15253843362898242,
                    -0.906241742313529,
                    -0.6140364281789514
                ],
                [
                    0.6405685935755613,
                    0.7527072924864541,
                    0.15199871302856138,
                    9.508283150704822e-05
                ],
                [
                    0.0,
                    0.0,
                    0.0,
                    1.0
                ]
            ],
            "colmap_im_id": 100
        },
        {
            "file_path": "images/frame_00099.png",
            "transform_matrix": [
                [
                    -0.6894404512099495,
                    -0.596403851166813,
                    0.41106484956611705,
                    1.274806609027537
                ],
                [
                    0.3892011967065004,
                    -0.7836358219906154,
                    -0.4841872850202905,
                    3.4575457094993753
                ],
                [
                    0.6108963027532973,
                    -0.17383136887939893,
                    0.7723913272919792,
                    6.5566079588285575
                ],
                [
                    0.0,
                    0.0,
                    0.0,
                    1.0
                ]
            ],
            "colmap_im_id": 99
        },
        {
            "file_path": "images/frame_00098.png",
            "transform_matrix": [
                [
                    -0.6244104952594368,
                    -0.6495053448690739,
                    0.4338828648337827,
                    1.5555188179914248
                ],
                [
                    0.42347923089715417,
                    -0.7482538292541163,
                    -0.5106677471755061,
                    3.1893242756437505
                ],
                [
                    0.6563359463023641,
                    -0.13512591902761448,
                    0.742269568013079,
                    6.215478697871677
                ],
                [
                    0.0,
                    0.0,
                    0.0,
                    1.0
                ]
            ],
            "colmap_im_id": 98
        },
        {
            "file_path": "images/frame_00097.png",
            "transform_matrix": [
                [
                    -0.5399399978118367,
                    -0.7005338290857751,
                    0.4666017071007953,
                    1.8896527186793897
                ],
                [
                    0.45639418381370767,
                    -0.7094529139819432,
                    -0.5370110909688451,
                    2.9032094160084068
                ],
                [
                    0.7072263765895431,
                    -0.07699946200430023,
                    0.702781569982505,
                    5.790046470645502
                ],
                [
                    0.0,
                    0.0,
                    0.0,
                    1.0
                ]
            ],
            "colmap_im_id": 97
        },
        {
            "file_path": "images/frame_00096.png",
            "transform_matrix": [
                [
                    -0.44824097373308025,
                    -0.7470652075089558,
                    0.49089062447394566,
                    2.143774734344809
                ],
                [
                    0.4843306416180502,
                    -0.6645250089503354,
                    -0.569060930014884,
                    2.575591585892202
                ],
                [
                    0.751334718388993,
                    -0.017323054267572004,
                    0.6596939083652167,
                    5.332987531799484
                ],
                [
                    0.0,
                    0.0,
                    0.0,
                    1.0
                ]
            ],
            "colmap_im_id": 96
        },
        {
            "file_path": "images/frame_00095.png",
            "transform_matrix": [
                [
                    -0.3513945397836544,
                    -0.7837915555581456,
                    0.5120475318229508,
                    2.3645293867258945
                ],
                [
                    0.5056402872224542,
                    -0.619181722042377,
                    -0.6007843997860052,
                    2.245670501418981
                ],
                [
                    0.787940211785023,
                    0.04779950339050342,
                    0.6138936635344868,
                    4.8555244963191555
                ],
                [
                    0.0,
                    0.0,
                    0.0,
                    1.0
                ]
            ],
            "colmap_im_id": 95
        },
        {
            "file_path": "images/frame_00094.png",
            "transform_matrix": [
                [
                    0.9750651226625986,
                    -0.18974313321682687,
                    0.1150893129879273,
                    -1.78647021947139
                ],
                [
                    0.11486710002397567,
                    -0.012205911976800862,
                    -0.9933058768802772,
                    -1.4612885916242162
                ],
                [
                    0.1898777393457526,
                    0.9817578923084226,
                    0.009893684403211579,
                    -1.4692831695723656
                ],
                [
                    0.0,
                    0.0,
                    0.0,
                    1.0
                ]
            ],
            "colmap_im_id": 94
        },
        {
            "file_path": "images/frame_00093.png",
            "transform_matrix": [
                [
                    -0.14511267128545197,
                    -0.83199247843649,
                    0.535472528200567,
                    2.6099374699414892
                ],
                [
                    0.5325866105178944,
                    -0.5217881574650373,
                    -0.6663997456679455,
                    1.577016717943757
                ],
                [
                    0.8338427998906396,
                    0.18848245158196625,
                    0.5188261274417383,
                    3.842099378330754
                ],
                [
                    0.0,
                    0.0,
                    0.0,
                    1.0
                ]
            ],
            "colmap_im_id": 93
        },
        {
            "file_path": "images/frame_00092.png",
            "transform_matrix": [
                [
                    -0.03899411097423336,
                    -0.8429765084348968,
                    0.5365352416535558,
                    2.617837294913446
                ],
                [
                    0.5359643941968268,
                    -0.4708150421632601,
                    -0.7007676963345528,
                    1.2471877669822062
                ],
                [
                    0.8433395683012613,
                    0.2602379724400687,
                    0.4701644076679182,
                    3.3152017649414844
                ],
                [
                    0.0,
                    0.0,
                    0.0,
                    1.0
                ]
            ],
            "colmap_im_id": 92
        },
        {
            "file_path": "images/frame_00090.png",
            "transform_matrix": [
                [
                    0.19064166804076307,
                    -0.834243271798166,
                    0.5173914551537612,
                    2.2883330744037713
                ],
                [
                    0.521058487472919,
                    -0.3606868166297169,
                    -0.7735651704555699,
                    0.7191227059233508
                ],
                [
                    0.8319578156607877,
                    0.4170649634877185,
                    0.3659276010250095,
                    2.1772013564406643
                ],
                [
                    0.0,
                    0.0,
                    0.0,
                    1.0
                ]
            ],
            "colmap_im_id": 91
        },
        {
            "file_path": "images/frame_00091.png",
            "transform_matrix": [
                [
                    0.06845274781576603,
                    -0.8430480084716825,
                    0.5334644099922703,
                    2.588037363342099
                ],
                [
                    0.5319094224561993,
                    -0.4215392530618861,
                    -0.7344229193253295,
                    0.9284561558151075
                ],
                [
                    0.8440299684364195,
                    0.33402801310662106,
                    0.4195696591047302,
                    2.7833770781919953
                ],
                [
                    0.0,
                    0.0,
                    0.0,
                    1.0
                ]
            ],
            "colmap_im_id": 90
        },
        {
            "file_path": "images/frame_00089.png",
            "transform_matrix": [
                [
                    0.2926329963820715,
                    -0.8142744420563,
                    0.5013213165648872,
                    2.136427815010738
                ],
                [
                    0.5060185719196976,
                    -0.312979762547301,
                    -0.8037343299300989,
                    0.4255107345738685
                ],
                [
                    0.811363749683704,
                    0.4888770819436482,
                    0.32044978459887147,
                    1.7017544893016878
                ],
                [
                    0.0,
                    0.0,
                    0.0,
                    1.0
                ]
            ],
            "colmap_im_id": 89
        },
        {
            "file_path": "images/frame_00088.png",
            "transform_matrix": [
                [
                    0.39221557227991516,
                    -0.7831156561092287,
                    0.48259383959780344,
                    1.945530150980186
                ],
                [
                    0.4862548976491742,
                    -0.2688346789097559,
                    -0.8314349583266749,
                    0.15042620887474545
                ],
                [
                    0.7808476928142452,
                    0.5607653560733763,
                    0.27535267577158196,
                    1.2442640350466079
                ],
                [
                    0.0,
                    0.0,
                    0.0,
                    1.0
                ]
            ],
            "colmap_im_id": 88
        },
        {
            "file_path": "images/frame_00087.png",
            "transform_matrix": [
                [
                    0.4878029480498061,
                    -0.7436436566486104,
                    0.4572115438177408,
                    1.6891022753714893
                ],
                [
                    0.46064443643644976,
                    -0.22561951061095514,
                    -0.8584302764999722,
                    -0.12480750341579677
                ],
                [
                    0.7415220745561548,
                    0.6293567735060589,
                    0.2324974507128615,
                    0.8138359406867067
                ],
                [
                    0.0,
                    0.0,
                    0.0,
                    1.0
                ]
            ],
            "colmap_im_id": 87
        },
        {
            "file_path": "images/frame_00086.png",
            "transform_matrix": [
                [
                    0.5771680435106904,
                    -0.6958784351914759,
                    0.42735260966268207,
                    1.3860751956896114
                ],
                [
                    0.42997050367369305,
                    -0.18594532649133355,
                    -0.8834872390287378,
                    -0.3693945804576887
                ],
                [
                    0.6942639379376062,
                    0.6936696180398086,
                    0.19188550098398083,
                    0.39928579955460963
                ],
                [
                    0.0,
                    0.0,
                    0.0,
                    1.0
                ]
            ],
            "colmap_im_id": 86
        },
        {
            "file_path": "images/frame_00085.png",
            "transform_matrix": [
                [
                    0.6599317659096859,
                    -0.6398275060442322,
                    0.39384111879353234,
                    1.0473206057799807
                ],
                [
                    0.39515419992549916,
                    -0.15026026649391017,
                    -0.9062422471913444,
                    -0.6026647364694999
                ],
                [
                    0.6390173883585344,
                    0.7536860187255678,
                    0.1536690032278499,
                    0.010369273934314822
                ],
                [
                    0.0,
                    0.0,
                    0.0,
                    1.0
                ]
            ],
            "colmap_im_id": 85
        },
        {
            "file_path": "images/frame_00084.png",
            "transform_matrix": [
                [
                    0.7352016764575027,
                    -0.5763744278647692,
                    0.3567506325679571,
                    0.6776921160663257
                ],
                [
                    0.3561509789466655,
                    -0.11934118287393543,
                    -0.9267762201662177,
                    -0.7946801942227235
                ],
                [
                    0.5767451561386617,
                    0.8084245177960712,
                    0.11753647900452313,
                    -0.3663569876540421
                ],
                [
                    0.0,
                    0.0,
                    0.0,
                    1.0
                ]
            ],
            "colmap_im_id": 84
        },
        {
            "file_path": "images/frame_00083.png",
            "transform_matrix": [
                [
                    0.7988135417021385,
                    -0.5111593943414315,
                    0.3171955219888622,
                    0.2710508211062233
                ],
                [
                    0.3160905903021434,
                    -0.09198197334426121,
                    -0.9442595275146226,
                    -0.9426069282391809
                ],
                [
                    0.5118433982339993,
                    0.8545498172465994,
                    0.08809622879598823,
                    -0.6940463630893257
                ],
                [
                    0.0,
                    0.0,
                    0.0,
                    1.0
                ]
            ],
            "colmap_im_id": 83
        },
        {
            "file_path": "images/frame_00082.png",
            "transform_matrix": [
                [
                    0.857476047460183,
                    -0.4364349084072514,
                    0.27250577747199406,
                    -0.17878164206966143
                ],
                [
                    0.2701371332088917,
                    -0.06888985246897855,
                    -0.9603541625298887,
                    -1.1126764374498455
                ],
                [
                    0.4379049637692446,
                    0.8970946209572079,
                    0.05882587658420527,
                    -0.9838997820724051
                ],
                [
                    0.0,
                    0.0,
                    0.0,
                    1.0
                ]
            ],
            "colmap_im_id": 82
        },
        {
            "file_path": "images/frame_00081.png",
            "transform_matrix": [
                [
                    0.9069548169824645,
                    -0.35883012264539976,
                    0.22062162866453439,
                    -0.7153682021127268
                ],
                [
                    0.22027091816728459,
                    -0.04242527633384321,
                    -0.9745156840901733,
                    -1.2674840569054828
                ],
                [
                    0.35904551600325796,
                    0.9324382226240432,
                    0.0405620318483903,
                    -1.1560109179959113
                ],
                [
                    0.0,
                    0.0,
                    0.0,
                    1.0
                ]
            ],
            "colmap_im_id": 81
        },
        {
            "file_path": "images/frame_00080.png",
            "transform_matrix": [
                [
                    0.9461873003720608,
                    -0.2766985148344767,
                    0.16783183399768534,
                    -1.250810270615526
                ],
                [
                    0.1675575192212749,
                    -0.024813520252690926,
                    -0.9855499819720365,
                    -1.3799264142371392
                ],
                [
                    0.27686471491875553,
                    0.9606363625748634,
                    0.022884678977254966,
                    -1.33962158661461
                ],
                [
                    0.0,
                    0.0,
                    0.0,
                    1.0
                ]
            ],
            "colmap_im_id": 80
        },
        {
            "file_path": "images/frame_00079.png",
            "transform_matrix": [
                [
                    0.975046344399088,
                    -0.19029922243951444,
                    0.1143277403471755,
                    -1.795918267608742
                ],
                [
                    0.11438841936936456,
                    -0.010702635667783483,
                    -0.993378449083702,
                    -1.4577679642281005
                ],
                [
                    0.19026275460045608,
                    0.9816677948922836,
                    0.011332461478767597,
                    -1.458019097720644
                ],
                [
                    0.0,
                    0.0,
                    0.0,
                    1.0
                ]
            ],
            "colmap_im_id": 79
        },
        {
            "file_path": "images/frame_00078.png",
            "transform_matrix": [
                [
                    0.9930894222596548,
                    -0.10144318162967757,
                    0.059014238085681035,
                    -2.358082691065258
                ],
                [
                    0.05876857893044757,
                    -0.005411110633359234,
                    -0.9982569679256987,
                    -1.5103098738676735
                ],
                [
                    0.10158569548160289,
                    0.9948266184529652,
                    0.0005879548938936386,
                    -1.5700979599308649
                ],
                [
                    0.0,
                    0.0,
                    0.0,
                    1.0
                ]
            ],
            "colmap_im_id": 78
        },
        {
            "file_path": "images/frame_00077.png",
            "transform_matrix": [
                [
                    0.9999183081327829,
                    -0.012582602273565039,
                    0.0022483729446767468,
                    -2.9373607311193277
                ],
                [
                    0.002201561494861715,
                    -0.0037329468227524564,
                    -0.9999906090734068,
                    -1.5256528648451644
                ],
                [
                    0.012590877167910932,
                    0.9999138679046529,
                    -0.0037049404986856434,
                    -1.6143795976568271
                ],
                [
                    0.0,
                    0.0,
                    0.0,
                    1.0
                ]
            ],
            "colmap_im_id": 77
        },
        {
            "file_path": "images/frame_00076.png",
            "transform_matrix": [
                [
                    0.9956631537567678,
                    0.07588398453680353,
                    -0.05381918934678335,
                    -3.5012569736590575
                ],
                [
                    -0.05332346614073734,
                    -0.008545177393475654,
                    -0.9985407292154145,
                    -1.5048430272539193
                ],
                [
                    -0.07623314377529236,
                    0.9970800373260574,
                    -0.004461721192926526,
                    -1.6363113823734552
                ],
                [
                    0.0,
                    0.0,
                    0.0,
                    1.0
