{"default_fov": 75.0, "default_transition_sec": 1.0, "keyframes": [{"matrix": [0.5269467215498772, -0.4159229962046815, 0.7411715144795816, 0.30001751652765163, 0.7958163289670976, -0.06465023352780974, -0.6020770032596593, 0.1511728340608673, 0.29833458263695856, 0.907098896776377, 0.2969310833676924, -0.10471937686031514, 0.0, 0.0, 0.0, 1.0], "fov": 75.0, "aspect": 1.7777777777777777, "override_transition_enabled": false, "override_transition_sec": null}, {"matrix": [0.1788489469174832, -0.45326170929616827, 0.8732507526892967, 0.3672261347108805, 0.9483473783740296, -0.1569442293761052, -0.2756914195194433, 0.3172543800740006, 0.2620120304825953, 0.8774521820312811, 0.40178024357966025, -0.05136680403331669, 0.0, 0.0, 0.0, 1.0], "fov": 75.0, "aspect": 1.7777777777777777, "override_transition_enabled": false, "override_transition_sec": null}, {"matrix": [-0.002745915549461242, -0.45773834484905745, 0.8890827113394123, 0.3752822385954197, 0.9731664408943528, -0.20579016355385593, -0.10294409600115678, 0.40515698358599755, 0.23008593669499533, 0.8649427820609423, 0.4460206783276578, -0.028855026046551352, 0.0, 0.0, 0.0, 1.0], "fov": 75.0, "aspect": 1.7777777777777777, "override_transition_enabled": false, "override_transition_sec": null}, {"matrix": [0.7431896505045712, -0.3649156082550338, 0.5608081153431645, 0.20823946729676876, 0.599621538852866, -0.008623954333147388, -0.8002372382958576, 0.050338851701730115, 0.296855442137439, 0.9310006585730854, 0.21240202496649366, -0.14773205083147775, 0.0, 0.0, 0.0, 1.0], "fov": 75.0, "aspect": 1.7777777777777777, "override_transition_enabled": false, "override_transition_sec": null}, {"matrix": [0.8490257331507466, -0.3242876937836452, 0.41712443719868786, 0.13512592125828363, 0.4464330261382021, 0.01806779593828642, -0.8946346225823255, 0.002304672795191801, 0.28258247932404557, 0.945785941114805, 0.16011276016813303, -0.1743394819504761, 0.0, 0.0, 0.0, 1.0], "fov": 75.0, "aspect": 1.7777777777777777, "override_transition_enabled": false, "override_transition_sec": null}, {"matrix": [0.5153573034208496, -0.46970015848385355, 0.7167904930529095, 0.2876112157176748, 0.8035822712329801, -0.025755912283573434, -0.5946361629958994, 0.15495911113989919, 0.2977622930641747, 0.8824502218837522, 0.36416922265133944, -0.07050519988807871, 0.0, 0.0, 0.0, 1.0], "fov": 75.0, "aspect": 1.7777777777777777, "override_transition_enabled": false, "override_transition_sec": null}, {"matrix": [0.5153573034208496, -0.2572858230943814, 0.8174416523798118, 0.3388276326851941, 0.8035822712329802, -0.1863449535703285, -0.5652708126543573, 0.16990169140968983, 0.29776229306417473, 0.9481980613318712, 0.1107160933001418, -0.1994750124702969, 0.0, 0.0, 0.0, 1.0], "fov": 75.0, "aspect": 1.7777777777777777, "override_transition_enabled": false, "override_transition_sec": null}, {"matrix": [0.5153573034208496, -0.4294669749908485, 0.7415962292265248, 0.2646236309775075, 0.8035822712329802, -0.05850078841064382, -0.5923117347439426, 0.1845835503947459, 0.29776229306417495, 0.9011857606218283, 0.3149632386194003, -0.11066762063483501, 0.0, 0.0, 0.0, 1.0], "fov": 75.0, "aspect": 1.7777777777777777, "override_transition_enabled": false, "override_transition_sec": null}], "camera_type": "perspective", "render_height": 1080.0, "render_width": 1920.0, "fps": 30.0, "seconds": 7.0, "is_cycle": false, "smoothness_value": 0.0, "camera_path": [{"camera_to_world": [0.5269467215498772, -0.4159229962046815, 0.7411715144795816, 0.30001751652765163, 0.7958163289670976, -0.06465023352780974, -0.6020770032596593, 0.1511728340608673, 0.29833458263695856, 0.907098896776377, 0.2969310833676924, -0.10471937686031514, 0.0, 0.0, 0.0, 1.0], "fov": 75.0, "aspect": 1.7777777777777777}, {"camera_to_world": [0.5112404408565051, -0.4185913142424226, 0.7506094345754308, 0.30275019371111594, 0.8062874480495311, -0.06876870145916236, -0.587512907787902, 0.15735965290305062, 0.2975462363240733, 0.9055673234720998, 0.3023475812851104, -0.10268423670532842, 0.0, 0.0, 0.0, 1.0], "fov": 75.0, "aspect": 1.7777777777777777}, {"camera_to_world": [0.4958701005083683, -0.42109573758893626, 0.7594677236105893, 0.30547958464378583, 0.8161448446593297, -0.0728040637434767, -0.573242671857595, 0.16354212847065058, 0.2966823822841851, 0.9040895686196503, 0.30757375693533284, -0.10065080992783285, 0.0, 0.0, 0.0, 1.0], "fov": 75.0, "aspect": 1.7777777777777777}, {"camera_to_world": [0.4808400965841604, -0.42344582867200664, 0.7677801975156777, 0.30820240307486707, 0.8254232028965109, -0.07675468652396256, -0.5592720753056368, 0.1697159174890837, 0.29575215576053004, 0.9026640284606926, 0.3126152812741457, -0.09862080990531952, 0.0, 0.0, 0.0, 1.0], "fov": 75.0, "aspect": 1.7777777777777777}, {"camera_to_world": [0.4661526431257122, -0.4256507447656146, 0.7755792395283606, 0.3109153627535651, 0.834155830626309, -0.08061954431359936, -0.5456047464115397, 0.1758766766837667, 0.2947639115275903, 0.9012890394069739, 0.31747803688729326, -0.09659595001527957, 0.0, 0.0, 0.0, 1.0], "fov": 75.0, "aspect": 1.7777777777777777}, {"camera_to_world": [0.45180794526142476, -0.42771923800660244, 0.7828958002427275, 0.31361517742908573, 0.8423746514425814, -0.08439817322557086, -0.5322423272938519, 0.1820200627801161, 0.2937252580314449, 0.8999628891211224, 0.32216807880223547, -0.0945779436352041, 0.0, 0.0, 0.0, 1.0], "fov": 75.0, "aspect": 1.7777777777777777}, {"camera_to_world": [0.43780436118498495, -0.4296596578392028, 0.7897594062452857, 0.31629856085063446, 0.8501102060110234, -0.0880906271011272, -0.5191846290606312, 0.1881417325035485, 0.2926430914327254, 0.8986838264052766, 0.3266915995159169, -0.09256850414258425, 0.0, 0.0, 0.0, 1.0], "fov": 75.0, "aspect": 1.7777777777777777}, {"camera_to_world": [0.42413855333791456, -0.4314799555246773, 0.7961981760547078, 0.318962226767417, 0.857391661452326, -0.09169743645764566, -0.5064297769870134, 0.1942373425794805, 0.29152362930719866, 0.8974500699913721, 0.33105489790673764, -0.09056934491491117, 0.0, 0.0, 0.0, 1.0], "fov": 75.0, "aspect": 1.7777777777777777}, {"camera_to_world": [0.4108056291898835, -0.43318769038488547, 0.8022388421940891, 0.321602888928639, 0.8642468275384534, -0.09521957016593852, -0.49397434604150536, 0.20030254973332876, 0.2903724437952451, 0.8962598163236053, 0.3352643517106384, -0.08858217932967592, 0.0, 0.0, 0.0, 1.0], "fov": 75.0, "aspect": 1.7777777777777777}, {"camera_to_world": [0.3977992720449408, -0.4347900374782006, 0.8079067783291709, 0.32421726108350585, 0.8707021785816402, -0.09865839975520396, -0.48181348712020095, 0.20633301069050985, 0.28919449402383296, 0.8951112464199338, 0.33932639325412334, -0.08660872076436969, 0.0, 0.0, 0.0, 1.0], "fov": 75.0, "aspect": 1.7777777777777777}, {"camera_to_world": [0.38511186232632266, -0.43629379643384236, 0.8132260305037564, 0.32680205698122344, 0.8767828799954384, -0.10201566623613023, -0.4699410443761044, 0.2123243821764403, 0.2879941576533395, 0.8940025318956003, 0.34324748815075096, -0.08465068259648358, 0.0, 0.0, 0.0, 1.0], "fov": 75.0, "aspect": 1.7777777777777777}, {"camera_to_world": [0.37273458980868546, -0.437705401196398, 0.8182193515944557, 0.32935399037099733, 0.8825128186001808, -0.10529344932707563, -0.45834966405046185, 0.21827232091653687, 0.28677526142698506, 0.892931840227633, 0.3470341166818868, -0.0827097782035087, 0.0, 0.0, 0.0, 1.0], "fov": 75.0, "aspect": 1.7777777777777777}, {"camera_to_world": [0.36065755727573134, -0.4390309304561152, 0.8229082381910757, 0.33186977500203313, 0.8879146358316595, -0.10849413896468274, -0.447030895225647, 0.22417248363621606, 0.28554111062303084, 0.8918973393351668, 0.35069275759704, -0.08078772096293618, 0.0, 0.0, 0.0, 1.0], "fov": 75.0, "aspect": 1.7777777777777777}, {"camera_to_world": [0.34886987608433984, -0.44027611856250803, 0.8273129691866494, 0.3343461246235364, 0.8930097630918069, -0.11162040897839809, -0.4359752829257759, 0.23002052706089446, 0.28429451732949845, 0.8908972015462995, 0.35422987408370843, -0.07888622425225715, 0.0, 0.0, 0.0, 1.0], "fov": 75.0, "aspect": 1.7777777777777777}, {"camera_to_world": [0.3373597541145207, -0.44144636673900967, 0.8314526454325092, 0.3367797529847129, 0.897818458553935, -0.11467519280792304, -0.4251724539928494, 0.23581210791598878, 0.2830378274782829, 0.889929607018102, 0.3576519016711367, -0.07700700144896275, 0.0, 0.0, 0.0, 1.0], "fov": 75.0, "aspect": 1.7777777777777777}, {"camera_to_world": [0.32611457657862986, -0.44254675443492586, 0.8353452298792723, 0.3391673738347682, 0.9023598448029008, -0.11766166114334442, -0.41461119616367503, 0.24154288292691545, 0.28177294659038093, 0.8889927466723798, 0.36096523784662726, -0.07515176593054405, 0.0, 0.0, 0.0, 1.0], "fov": 75.0, "aspect": 1.7777777777777777}, {"camera_to_world": [0.3151209801542031, -0.4435820506678378, 0.8390075876843845, 0.34150570092290794, 0.9066519467526692, -0.12058320136934186, -0.4042795307669136, 0.24720850881909123, 0.28050136419677063, 0.8880848247058593, 0.3641762331768976, -0.07332223107449223, 0.0, 0.0, 0.0, 1.0], "fov": 75.0, "aspect": 1.7777777777777777}, {"camera_to_world": [0.3043649208930963, -0.44455672522501016, 0.8424555258213661, 0.3437914479983377, 0.9107117293405087, -0.12344339869733545, -0.3941647794510198, 0.25280464231793265, 0.2792241769105238, 0.8872040607296982, 0.36729118374033265, -0.07152011025829841, 0.0, 0.0, 0.0, 1.0], "fov": 75.0, "aspect": 1.7777777777777777}, {"camera_to_world": [0.29383173634612747, -0.4454749596063615, 0.8457038317753627, 0.3460213288102632, 0.9145551345487292, -0.12624601887238662, -0.3842536253432484, 0.2583269401488563, 0.2779421101351434, 0.8863486915895933, 0.370316324688826, -0.0697471168594537, 0.0, 0.0, 0.0, 1.0], "fov": 75.0, "aspect": 1.7777777777777777}, {"camera_to_world": [0.2835062023274765, -0.44634065760422353, 0.8487663109544826, 0.3481920571078899, 0.9181971173518557, -0.12899499234515255, -0.3745321690277311, 0.26377105903727893, 0.2766555384021704, 0.8855169729142992, 0.3732578247700934, -0.0680049642554492, 0.0, 0.0, 0.0, 1.0], "fov": 75.0, "aspect": 1.7777777777777777}, {"camera_to_world": [0.27337258472748127, -0.4471574554265836, 0.8516558224869004, 0.35030034664042364, 0.9216516802296597, -0.13169439980284114, -0.3649859797175977, 0.2691326557086169, 0.27536450433790693, 0.8847071804371164, 0.37612178165289295, -0.06629536582377607, 0.0, 0.0, 0.0, 1.0], "fov": 75.0, "aspect": 1.7777777777777777}, {"camera_to_world": [0.26341468676629687, -0.4479287312808432, 0.8543843131102937, 0.35234291115706995, 0.9249319059249651, -0.13434845895702285, -0.3556001419823752, 0.274407386888287, 0.2740687362648751, 0.883917611131834, 0.3789142179084426, -0.0646200349419254, 0.0, 0.0, 0.0, 1.0], "fov": 75.0, "aspect": 1.7777777777777777}, {"camera_to_world": [0.25361589206478563, -0.4486576143444262, 0.8569628488930843, 0.35431646440703435, 0.9280499881598466, -0.13696151249006838, -0.34635929837805945, 0.2795909093017058, 0.27276766444850414, 0.8831465842017401, 0.3816410775114587, -0.06298068498738836, 0.0, 0.0, 0.0, 1.0], "fov": 75.0, "aspect": 1.7777777777777777}, {"camera_to_world": [0.2439592038932269, -0.4493469930569393, 0.859401644556531, 0.35621772013952263, 0.9310172600550939, -0.13953801706584434, -0.33724768831355695, 0.2846788796742898, 0.27146043600364445, 0.8823924419576696, 0.38430822273364385, -0.061379029337656064, 0.0, 0.0, 0.0, 1.0], "fov": 75.0, "aspect": 1.7777777777777777}, {"camera_to_world": [0.2344272809432243, -0.4499995226760909, 0.8617100901932486, 0.35804339210374037, 0.9338442200258978, -0.1420825333140594, -0.3282491834738991, 0.28966695473145576, 0.27014592847901464, 0.8816535506185802, 0.38692143131114054, -0.0598167813702196, 0.0, 0.0, 0.0, 1.0], "fov": 75.0, "aspect": 1.7777777777777777}, {"camera_to_world": [0.22500246995390238, -0.45061763204629424, 0.8638967752015481, 0.35979019404889323, 0.9365405549519457, -0.14459971670121285, -0.319347320108109, 0.2945507911986201, 0.26882276214068107, 0.8809283010659381, 0.38948639377536043, -0.0582956544625701, 0.0, 0.0, 0.0, 1.0], "fov": 75.0, "aspect": 1.7777777777777777}, {"camera_to_world": [0.2156668355102339, -0.45120352953492326, 0.8659695092762962, 0.36145483972418674, 0.9391151604427281, -0.14709430920437094, -0.31052532847791664, 0.2993260458011996, 0.2674893109782723, 0.8802151095811277, 0.3920087108438441, -0.05681736199219872, 0.0, 0.0, 0.0, 1.0], "fov": 75.0, "aspect": 1.7777777777777777}, {"camera_to_world": [0.2064021873194244, -0.45175920809659315, 0.8679353403161414, 0.3630340428788267, 0.9415761580391568, -0.14957113170699732, -0.301766159753059, 0.3039883752646108, 0.2661437124599752, 0.8795124185932948, 0.39449389077423624, -0.055383617336596566, 0.0, 0.0, 0.0, 1.0], "fov": 75.0, "aspect": 1.7777777777777777}, {"camera_to_world": [0.19719010526082648, -0.45228644943068474, 0.8698005691241005, 0.36452451726201845, 0.9439309092107883, -0.15203507703861685, -0.29305251062967724, 0.3085334363142703, 0.26478387606445974, 0.8788186974633887, 0.39694734659024233, -0.05399613387325475, 0.0, 0.0, 0.0, 1.0], "fov": 75.0, "aspect": 1.7777777777777777}, {"camera_to_world": [0.1880119624958707, -0.45278682720172325, 0.8715707607940093, 0.3659229766229679, 0.9461860260243524, -0.15449110358235685, -0.2843668459405013, 0.3129568856755947, 0.2634074906199418, 0.8781324433287396, 0.3993743930935021, -0.05265662497966441, 0.0, 0.0, 0.0, 1.0], "fov": 75.0, "aspect": 1.7777777777777777}, {"camera_to_world": [0.1788489469174832, -0.45326170929616827, 0.8732507526892967, 0.3672261347108805, 0.9483473783740296, -0.1569442293761052, -0.2756914195194433, 0.3172543800740006, 0.2620120304825953, 0.8774521820312811, 0.40178024357966025, -0.05136680403331669, 0.0, 0.0, 0.0, 1.0], "fov": 75.0, "aspect": 1.7777777777777777}, {"camera_to_world": [0.16934365776982374, -0.4537284330889337, 0.8749018428256954, 0.3685099517275042, 0.9504949109629777, -0.1594901889215874, -0.26668765226616203, 0.32163978893125134, 0.2605420307870072, 0.8767516117147531, 0.40425791463985566, -0.05006016358670201, 0.0, 0.0, 0.0, 1.0], "fov": 75.0, "aspect": 1.7777777777777777}, {"camera_to_world": [0.15921060782756336, -0.45419709960012256, 0.8765597395899576, 0.36984399008912505, 0.9526788064120169, -0.16220562875076705, -0.2570844721389133, 0.3263028740897294, 0.25894994529552035, 0.8760104615336538, 0.4068790939763827, -0.04867724268197835, 0.0, 0.0, 0.0, 1.0], "fov": 75.0, "aspect": 1.7777777777777777}, {"camera_to_world": [0.1485393578199511, -0.4546586028339935, 0.87819224207885, 0.3712153668667557, 0.9548616569151321, -0.1650667814315231, -0.24696593656034077, 0.3312031309057796, 0.257245554542202, 0.8752362609815014, 0.40961715312154134, -0.0472303244311381, 0.0, 0.0, 0.0, 1.0], "fov": 75.0, "aspect": 1.7777777777777777}, {"camera_to_world": [0.13742033657855435, -0.45510466558821344, 0.8797700804497033, 0.37261119913140917, 0.9570090381919563, -0.1680496063326139, -0.23641706924492684, 0.3363000547357468, 0.25543952692084254, 0.8744364317497837, 0.4124458448271265, -0.045731691946173644, 0.0, 0.0, 0.0, 1.0], "fov": 75.0, "aspect": 1.7777777777777777}, {"camera_to_world": [0.1259448412189612, -0.4555279664522714, 0.8812673650772442, 0.37401860395409814, 0.959089972886576, -0.17112978363075493, -0.22552388135831186, 0.34155314093597633, 0.25354352856808937, 0.873618262706515, 0.4153393915665754, -0.044193628339077376, 0.0, 0.0, 0.0, 1.0], "fov": 75.0, "aspect": 1.7777777777777777}, {"camera_to_world": [0.11420499777417203, -0.4559222438616743, 0.8826619545644514, 0.3754246984058355, 0.9610773120933822, -0.17428272007390166, -0.21437335110270084, 0.34692188486281295, 0.2515703056061289, 0.8727888868654197, 0.41827256699604465, -0.042628416721841644, 0.0, 0.0, 0.0, 1.0], "fov": 75.0, "aspect": 1.7777777777777777}, {"camera_to_world": [0.1022936875789725, -0.4562823767434605, 0.883935740964712, 0.37681659955763414, 0.9629480330675253, -0.17748356509090213, -0.20305336671428958, 0.3523657818726017, 0.24953373938784273, 0.871955260776585, 0.4212207688506798, -0.04104834020645885, 0.0, 0.0, 0.0, 1.0], "fov": 75.0, "aspect": 1.7777777777777777}, {"camera_to_world": [0.0903044456075901, -0.4566044413140763, 0.8850748506627937, 0.37818142448050684, 0.9646834512284427, -0.18070723559257296, -0.19165263872556437, 0.3578443273216876, 0.2474488755874374, 0.8711241468222259, 0.42416008156563034, -0.03946568190492141, 0.0, 0.0, 0.0, 1.0], "fov": 75.0, "aspect": 1.7777777777777777}, {"camera_to_world": [0.07833133764205535, -0.45688574364504786, 0.8860697595545837, 0.37950629024546645, 0.9662693447319187, -0.1839284476243449, -0.18026058799928174, 0.3633170165664156, 0.24533192815969662, 0.8703020989337036, 0.4270673267964143, -0.03789272492922167, 0.0, 0.0, 0.0, 1.0], "fov": 75.0, "aspect": 1.7777777777777777}, {"camera_to_world": [0.06646882358901984, -0.45712482768885354, 0.8869153214378066, 0.3807783139235258, 0.9676959901464504, -0.18712175290808553, -0.1689672164743405, 0.3687433449631306, 0.2432002593443786, 0.8694954522589762, 0.42992009996717484, -0.03634175239135203, 0.0, 0.0, 0.0, 1.0], "fov": 75.0, "aspect": 1.7777777777777777}, {"camera_to_world": [0.0548116144629851, -0.45732145854976186, 0.8876107088526364, 0.3819846125856977, 0.968958108097405, -0.19026157825231482, -0.15786296777026593, 0.3740828078681777, 0.24107233701165054, 0.8687103173042536, 0.43269679099443803, -0.03482504740330487, 0.0, 0.0, 0.0, 1.0], "fov": 75.0, "aspect": 1.7777777777777777}, {"camera_to_world": [0.043454530509890676, -0.4574765808845896, 0.8881592659654634, 0.38311230330299495, 0.9700547181100996, -0.19332226581723977, -0.14703858477156223, 0.37929490063790194, 0.23896767072242292, 0.8679525790510874, 0.43537658741377616, -0.03335489307707257, 0.0, 0.0, 0.0, 1.0], "fov": 75.0, "aspect": 1.7777777777777777}, {"camera_to_world": [0.03249236765471897, -0.45759225241858253, 0.8885682734436782, 0.3841485031464305, 0.9709889022623353, -0.19627811229477132, -0.13658497105240663, 0.3843391186286481, 0.23690672790694683, 0.8672279015117593, 0.43793945827241276, -0.03194357252464752, 0.0, 0.0, 0.0, 1.0], "fov": 75.0, "aspect": 1.7777777777777777}, {"camera_to_world": [0.02201977891991047, -0.45767155265450726, 0.8888486255978187, 0.3850803291870171, 0.9717674776209215, -0.19910340520436387, -0.12659306250462254, 0.3891749571967614, 0.23491083153952386, 0.8665417381331612, 0.4403661173371195, -0.030603368858022107, 0.0, 0.0, 0.0, 1.0], "fov": 75.0, "aspect": 1.7777777777777777}, {"camera_to_world": [0.012131176679530342, -0.45771846693163293, 0.8890144203454325, 0.38589489849576764, 0.9724005777600679, -0.20177245471306315, -0.11715371479791259, 0.3937619116985866, 0.23300204060105523, 0.8658993483938074, 0.4426379643985858, -0.029346565189188722, 0.0, 0.0, 0.0, 1.0], "fov": 75.0, "aspect": 1.7777777777777777}, {"camera_to_world": [0.0029206605901371807, -0.457737746049705, 0.8890824627575631, 0.3865793281436948, 0.9729011439204884, -0.20425961966202466, -0.10835761133271071, 0.3980594774904688, 0.23120301446980074, 0.8653058208615387, 0.4447370037260403, -0.02818544463013974, 0.0, 0.0, 0.0, 1.0], "fov": 75.0, "aspect": 1.7777777777777777}, {"camera_to_world": [-0.005518025222628786, -0.45773474170656214, 0.8890716830674954, 0.3871207352018116, 0.9732843265495085, -0.20653932682107556, -0.10029519514596136, 0.40202714992875316, 0.22953686216098723, 0.8647661028920615, 0.44664573903504823, -0.02713229029286753, 0.0, 0.0, 0.0, 1.0], "fov": 75.0, "aspect": 1.7777777777777777}, {"camera_to_world": [-0.01309150363839151, -0.4577152180038036, 0.8890024700416848, 0.3875062367411308, 0.9735667980532858, -0.20858608279668733, -0.09305662680221166, 0.40562442436978435, 0.2280269770460473, 0.8642850370515875, 0.44834704467407543, -0.026199385289364496, 0.0, 0.0, 0.0, 1.0], "fov": 75.0, "aspect": 1.7777777777777777}, {"camera_to_world": [-0.019706744318866987, -0.4576851392517569, 0.8888959205308856, 0.3877229498326652, 0.9737659775883498, -0.21037447848570745, -0.08673176865066157, 0.4088107961699075, 0.22669685732218714, 0.8638674042409323, 0.44982401310987996, -0.02539901273162302, 0.0, 0.0, 0.0, 1.0], "fov": 75.0, "aspect": 1.7777777777777777}, {"camera_to_world": [-0.025271013379549068, -0.4576504342542161, 0.8887730058399038, 0.38775799154742774, 0.973899168625511, -0.21187918649660997, -0.08141019395673443, 0.4115457606854676, 0.22556991207452526, 0.8635179733835665, 0.45105977919808915, -0.024743455731635493, 0.0, 0.0, 0.0, 1.0], "fov": 75.0, "aspect": 1.7777777777777777}, {"camera_to_world": [-0.029691796723387953, -0.4576167371788214, 0.8886536552904887, 0.3875984789564312, 0.9739826098485458, -0.21307495255093334, -0.07718121732671224, 0.41378881327280964, 0.2246692522797738, 0.8632415574155516, 0.45203732216579223, -0.024244997401394276, 0.0, 0.0, 0.0, 1.0], "fov": 75.0, "aspect": 1.7777777777777777}, {"camera_to_world": [-0.03287670320144087, -0.4575891050272689, 0.8885557570276317, 0.38723152913068826, 0.9740304397275483, -0.2139365825296332, -0.07413394053805822, 0.41549944928827853, 0.22401746554847746, 0.8630430751798456, 0.4527392467120033, -0.023915920852891768, 0.0, 0.0, 0.0, 1.0], "fov": 75.0, "aspect": 1.7777777777777777}, {"camera_to_world": [-0.03473335638982322, -0.45757171162072796, 0.8884940757699935, 0.3866442591412119, 0.9740535748688376, -0.2144389275425983, -0.07235730536454582, 0.4166371640882195, 0.22363637279998838, 0.8629276186789119, 0.4531475451572114, -0.023768509198120364, 0.0, 0.0, 0.0, 1.0], "fov": 75.0, "aspect": 1.7777777777777777}, {"camera_to_world": [-0.035169286624570306, -0.4575675179233777, 0.8884790868781091, 0.3858237860590151, 0.9740585020391351, -0.21455687017439773, -0.07194014224508422, 0.4171614530289772, 0.22354676442211174, 0.8629005249751598, 0.45324334315464443, -0.023815045549072426, 0.0, 0.0, 0.0, 1.0], "fov": 75.0, "aspect": 1.7777777777777777}, {"camera_to_world": [-0.034091838023991516, -0.45757791845820145, 0.8885157258707387, 0.3847572269551104, 0.9740459836550142, -0.2142653158967126, -0.07297120068368135, 0.41703181146689683, 0.22376811279912523, 0.8629674518445882, 0.45300663212714265, -0.024067813017740358, 0.0, 0.0, 0.0, 1.0], "fov": 75.0, "aspect": 1.7777777777777777}, {"camera_to_world": [-0.03140810855648046, -0.4576023635456736, 0.8886020524364762, 0.38343169890051076, 0.9740096765982502, -0.213539194538103, -0.07553914408431289, 0.41620773475832323, 0.22431825741538874, 0.8631344560805296, 0.4524159923308322, -0.02453909471611653, 0.0, 0.0, 0.0, 1.0], "fov": 75.0, "aspect": 1.7777777777777777}, {"camera_to_world": [-0.027024944783400007, -0.45763795714384875, 0.8887278281570006, 0.3818343189662291, 0.9739346645592439, -0.2123534776643523, -0.07973248832018703, 0.4146487182596016, 0.2252130580790721, 0.8634080731062574, 0.4514483112889139, -0.02524117375619333, 0.0, 0.0, 0.0, 1.0], "fov": 75.0, "aspect": 1.7777777777777777}, {"camera_to_world": [-0.020849016726525393, -0.45767903021869377, 0.8888730076898573, 0.379952204223278, 0.9737959048375433, -0.2106832187474711, -0.08563945971242282, 0.4123142573270767, 0.22646601118747933, 0.8637953962810182, 0.4500785033086464, -0.026186333249963157, 0.0, 0.0, 0.0, 1.0], "fov": 75.0, "aspect": 1.7777777777777777}, {"camera_to_world": [-0.012787002365582723, -0.45771668986262665, 0.8890061441810753, 0.3777724717426707, 0.9735565917728943, -0.208503624083617, -0.09334774426596432, 0.40916384731709365, 0.22808782340591693, 0.8643041539673391, 0.44827923691461946, -0.027386856309418377, 0.0, 0.0, 0.0, 1.0], "fov": 75.0, "aspect": 1.7777777777777777}, {"camera_to_world": [-0.002745915549461242, -0.45773834484905745, 0.8890827113394123, 0.3752822385954197, 0.9731664408943528, -0.20579016355385593, -0.10294409600115678, 0.40515698358599755, 0.23008593669499533, 0.8649427820609423, 0.4460206783276578, -0.028855026046551352, 0.0, 0.0, 0.0, 1.0], "fov": 75.0, "aspect": 1.7777777777777777}, {"camera_to_world": [0.009795620234479552, -0.45772607180325003, 0.889039306788956, 0.3723907055983631, 0.9725356796786571, -0.20240283141446458, -0.11492365112273462, 0.4000599237052609, 0.23254762431853415, 0.8657481949313978, 0.44317227507689627, -0.030665146040962238, 0.0, 0.0, 0.0, 1.0], "fov": 75.0, "aspect": 1.7777777777777777}, {"camera_to_world": [0.025169831490879924, -0.45765143836135636, 0.8887753600030227, 0.3690355901951041, 0.9715450259213538, -0.19825320865202445, -0.12959910442072153, 0.39372144720793223, 0.235513783439944, 0.8667472677920357, 0.43963897869143087, -0.03286602310155704, 0.0, 0.0, 0.0, 1.0], "fov": 75.0, "aspect": 1.7777777777777777}, {"camera_to_world": [0.04318255555213768, -0.45748042317590026, 0.8881705519250152, 0.3652467843968031, 0.9700794140811544, -0.19339533494698158, -0.1467793404969151, 0.38622483239271976, 0.23891671618359195, 0.8679342756404682, 0.4354410360732034, -0.03543169518428716, 0.0, 0.0, 0.0, 1.0], "fov": 75.0, "aspect": 1.7777777777777777}, {"camera_to_world": [0.0636348207828179, -0.4571767042137762, 0.8870964269504009, 0.3610541802146202, 0.9680156085427347, -0.18788465654459108, -0.16626826953077956, 0.3776533575583315, 0.24268578697891968, 0.8693036391039384, 0.4305981790940041, -0.038336200245104014, 0.0, 0.0, 0.0, 1.0], "fov": 75.0, "aspect": 1.7777777777777777}, {"camera_to_world": [0.08632184387950159, -0.4567030446465734, 0.8854212942321825, 0.35648766965971607, 0.9652273073159134, -0.18177823236607693, -0.18786409835180323, 0.368090301003476, 0.24674842346186188, 0.8708495870403883, 0.4251308178321949, -0.0415535762399589, 0.0, 0.0, 0.0, 1.0], "fov": 75.0, "aspect": 1.7777777777777777}, {"camera_to_world": [0.11103233826966352, -0.45602259747416024, 0.8830148415804182, 0.351577144743251, 0.9615899346724561, -0.17513485987814614, -0.21135888529248925, 0.35761894102686126, 0.25103110842083387, 0.8725658550782183, 0.419061106709541, -0.045057861124803235, 0.0, 0.0, 0.0, 1.0], "fov": 75.0, "aspect": 1.7777777777777777}, {"camera_to_world": [0.1375481996105523, -0.4551001248380538, 0.8797524476557501, 0.3463524974763853, 0.956985104882879, -0.16801510308061596, -0.23653844120800988, 0.34632255592719563, 0.2554603723010689, 0.8744454251176559, 0.4124138657642361, -0.048823092855588376, 0.0, 0.0, 0.0, 1.0], "fov": 75.0, "aspect": 1.7777777777777777}, {"camera_to_world": [0.16564461018054755, -0.4539031254751605, 0.8755191692944337, 0.34084361987027945, 0.9513047312030021, -0.16048121162855655, -0.26318261550682787, 0.33428442400318725, 0.25996378884167454, 0.8764803097606423, 0.4052173430308356, -0.052823309388265724, 0.0, 0.0, 0.0, 1.0], "fov": 75.0, "aspect": 1.7777777777777777}, {"camera_to_world": [0.19509058089075537, -0.45240286177658307, 0.8702133737791358, 0.3350804039360937, 0.9444547480915472, -0.15259692642873235, -0.2910659836735253, 0.32158782355354437, 0.26447097015559246, 0.8786613845508761, 0.39750380783597217, -0.05703254867878664, 0.0, 0.0, 0.0, 1.0], "fov": 75.0, "aspect": 1.7777777777777777}, {"camera_to_world": [0.22564992782869497, -0.45057527661982094, 0.8637499812850225, 0.3290927416849885, 0.9363584109291392, -0.14442717300391683, -0.3199589317089836, 0.30831603287697523, 0.26891455214093946, 0.8809782697643959, 0.38930996885485647, -0.06142484868310251, 0.0, 0.0, 0.0, 1.0], "fov": 75.0, "aspect": 1.7777777777777777}, {"camera_to_world": [0.257082659898472, -0.44840178964450106, 0.85606328096884, 0.3229105251281241, 0.9269591366420294, -0.13603764943850194, -0.3496291133917635, 0.29455233027218775, 0.27323115667029985, 0.883419262286518, 0.38067721503362173, -0.06597424735716476, 0.0, 0.0, 0.0, 1.0], "fov": 75.0, "aspect": 1.7777777777777777}, {"camera_to_world": [0.2891467355516564, -0.4458699629917441, 0.8471092854062935, 0.31656364627666106, 0.9162228507784019, -0.12749432071891376, -0.37984323858128766, 0.2803799940378907, 0.2773623136464628, 0.8859713168529574, 0.37165168193150644, -0.07065478265692464, 0.0, 0.0, 0.0, 1.0], "fov": 75.0, "aspect": 1.7777777777777777}, {"camera_to_world": [0.32160013017411837, -0.44297402771902444, 0.8368675922978348, 0.3100819971417597, 0.9041398117012931, -0.11886283566470568, -0.4103691352849229, 0.26588230247279193, 0.281255323805151, 0.8886200746461504, 0.362284150587808, -0.0754404925383336, 0.0, 0.0, 0.0, 1.0], "fov": 75.0, "aspect": 1.7777777777777777}, {"camera_to_world": [0.3542031417868893, -0.4397152640771783, 0.8253427293469268, 0.30349546973458025, 0.8907258904175387, -0.1102078863107473, -0.44097801525110125, 0.2511425338755996, 0.28486404211163585, 0.8913499359580698, 0.3526297905443687, -0.08030541495734309, 0.0, 0.0, 0.0, 1.0], "fov": 75.0, "aspect": 1.7777777777777777}, {"camera_to_world": [0.38672085169083037, -0.43610223148786087, 0.8125649675926392, 0.29683395606628327, 0.8760232947528301, -0.10159253245615185, -0.47144686275288883, 0.23624396654502228, 0.28814956171737355, 0.8941441724019977, 0.3427477630001863, -0.08522358786990432, 0.0, 0.0, 0.0, 1.0], "fov": 75.0, "aspect": 1.7777777777777777}, {"camera_to_world": [0.41892564883092853, -0.43215084724173236, 0.7985905997317013, 0.29012734814802904, 0.8601007385603257, -0.09307751606854742, -0.5015608592488969, 0.221269878779768, 0.29108077964642026, 0.8969850730256119, 0.332700704071497, -0.09016904923196876, 0.0, 0.0, 0.0, 1.0], "fov": 75.0, "aspect": 1.7777777777777777}, {"camera_to_world": [0.45059972217697447, -0.427884316471425, 0.7835016924626358, 0.283405537990978, 0.8430530697536378, -0.08472059127713588, -0.5311157529132609, 0.20630354887854496, 0.29363482755456827, 0.8998541176943258, 0.32255411160852565, -0.09511583699948778, 0.0, 0.0, 0.0, 1.0], "fov": 75.0, "aspect": 1.7777777777777777}, {"camera_to_world": [0.4815374243929364, -0.42333291963845454, 0.7674053349172125, 0.27669841760629027, 0.8250003844491087, -0.07657589579254859, -0.5599200816566519, 0.19142825514006126, 0.29579735388917855, 0.9027321703218241, 0.3123756618211628, -0.10003798912841282, 0.0, 0.0, 0.0, 1.0], "fov": 75.0, "aspect": 1.7777777777777777}, {"camera_to_world": [0.5115474124398327, -0.4185336673979111, 0.7504324180634567, 0.2700358790051266, 0.8060866676172226, -0.06869338878124837, -0.5877971611257663, 0.1767272758630254, 0.29756264738013294, 0.9055996839620714, 0.30223448395562597, -0.10490954357469513, 0.0, 0.0, 0.0, 1.0], "fov": 75.0, "aspect": 1.7777777777777777}, {"camera_to_world": [0.5404544763255661, -0.4135298360573646, 0.7327359918210836, 0.2634478141986472, 0.7864780126157563, -0.061118378561304254, -0.6145867550427742, 0.16228388934614546, 0.29893359578948003, 0.9084369094727525, 0.2922004223404984, -0.10970453829428613, 0.0, 0.0, 0.0, 1.0], "fov": 75.0, "aspect": 1.7777777777777777}, {"camera_to_world": [0.5681009756412672, -0.40837039972603295, 0.7144892568142929, 0.2569641151980123, 0.7663604820908126, -0.05389116107564346, -0.6401463537718983, 0.14818137388812952, 0.29992147799878843, 0.911224099431923, 0.2823433152201467, -0.11439701124313728, 0.0, 0.0, 0.0, 1.0], "fov": 75.0, "aspect": 1.7777777777777777}, {"camera_to_world": [0.5943478143471315, -0.40310937747693154, 0.6958832555615551, 0.25061467401438253, 0.7459376803507928, -0.04704678707103982, -0.6643519977084221, 0.13450300778768604, 0.30054559157250416, 0.9139416992436954, 0.2727323188950668, -0.11896100037719984, 0.0, 0.0, 0.0, 1.0], "fov": 75.0, "aspect": 1.7777777777777777}, {"camera_to_world": [0.6190748969359521, -0.397805115267436, 0.6771243329336218, 0.24442938265891806, 0.7254281119178785, -0.040614972423345774, -0.6870985944202719, 0.12133206934352321, 0.3008327216627248, 0.9165705178992576, 0.26343530381269065, -0.1233705436524252, 0.0, 0.0, 0.0, 1.0], "fov": 75.0, "aspect": 1.7777777777777777}, {"camera_to_world": [0.6421810229933358, -0.3925195228668319, 0.658431437490364, 0.2384381331427793, 0.7050624021484202, -0.03462016227354725, -0.7082996918260321, 0.10875183685434904, 0.30081646029419984, 0.9190918716496993, 0.25451834645761856, -0.12759967902476482, 0.0, 0.0, 0.0, 1.0], "fov": 75.0, "aspect": 1.7777777777777777}, {"camera_to_world": [0.6635831916532631, -0.38731728554639067, 0.6400333335633734, 0.23267081747712676, 0.6850804533380865, -0.029081755750809124, -0.72788668344498, 0.09684558861887207, 0.3005363874963406, 0.9214876948714108, 0.24604533726779576, -0.13162244445016996, 0.0, 0.0, 0.0, 1.0], "fov": 75.0, "aspect": 1.7777777777777777}, {"camera_to_world": [0.68321530190366, -0.38226506876186395, 0.6221657885557339, 0.2271573276731207, 0.6657286034854409, -0.024014494224884386, -0.7458074353131963, 0.08569660293580035, 0.30003712727930076, 0.9237406136311266, 0.2380777204661837, -0.1354128778845921, 0.0, 0.0, 0.0, 1.0], "fov": 75.0, "aspect": 1.7777777777777777}, {"camera_to_world": [0.7010262485854956, -0.3774307315026235, 0.6050687908920287, 0.22192755574192144, 0.6472568449135121, -0.01942901239781958, -0.7620243370062737, 0.07538815810384189, 0.2993672919788546, 0.9258339788507656, 0.23067437677082248, -0.13894501728398262, 0.0, 0.0, 0.0, 1.0], "fov": 75.0, "aspect": 1.7777777777777777}, {"camera_to_world": [0.7169774268206974, -0.37288256043393697, 0.5889838415048435, 0.2170113936946895, 0.6299161464015905, -0.015332548228117526, -0.7765117909390702, 0.06600353242170538, 0.29857832796795747, 0.9277518574969623, 0.22389165455370388, -0.14219290060429274, 0.0, 0.0, 0.0, 1.0], "fov": 75.0, "aspect": 1.7777777777777777}, {"camera_to_world": [0.7310396692228711, -0.368688532487652, 0.5741513459312071, 0.2124387335425851, 0.6139559056219888, -0.011729804750818168, -0.7892531644741068, 0.05762600418809858, 0.2977232741563864, 0.9294789818455333, 0.21778354927081145, -0.14513056580147404, 0.0, 0.0, 0.0, 1.0], "fov": 75.0, "aspect": 1.7777777777777777}, {"camera_to_world": [0.7431896505045712, -0.3649156082550338, 0.5608081153431645, 0.20823946729676876, 0.599621538852866, -0.008623954333147388, -0.8002372382958576, 0.050338851701730115, 0.296855442137439, 0.9310006585730854, 0.21240202496649366, -0.14773205083147775, 0.0, 0.0, 0.0, 1.0], "fov": 75.0, "aspect": 1.7777777777777777}, {"camera_to_world": [0.7540293453480181, -0.36140005632097494, 0.5484794851635157, 0.20421833345070373, 0.5863812062250541, -0.005886386524883519, -0.8100138464493866, 0.043852059176057445, 0.29596761197821936, 0.93239227246094, 0.2074796927774724, -0.15012603071980185, 0.0, 0.0, 0.0, 1.0], "fov": 75.0, "aspect": 1.7777777777777777}, {"camera_to_world": [0.7641918072102362, -0.3579435888653191, 0.5365512733960929, 0.20016989579524566, 0.5735601519289238, -0.003378973984681316, -0.8191564775145717, 0.0378122330449754, 0.2950248021980917, 0.9337370988265523, 0.20271999497570656, -0.15245566095690155, 0.0, 0.0, 0.0, 1.0], "fov": 75.0, "aspect": 1.7777777777777777}, {"camera_to_world": [0.773701932347503, -0.3545595851094977, 0.5250455413473396, 0.19610878428764317, 0.5611835689848638, -0.0010900120050801043, -0.827690651013553, 0.03220758493784771, 0.29403795976565783, 0.9350327868480385, 0.19812966899492807, -0.15471670019616393, 0.0, 0.0, 0.0, 1.0], "fov": 75.0, "aspect": 1.7777777777777777}, {"camera_to_world": [0.7825840369843032, -0.3512606850900276, 0.5139826418931239, 0.19204962888514474, 0.5492747492770752, 0.0009923219429658348, -0.8356412298969983, 0.027026326484038014, 0.2930178746492387, 0.9362771739219354, 0.19371520004583284, -0.15690490709097624, 0.0, 0.0, 0.0, 1.0], "fov": 75.0, "aspect": 1.7777777777777777}, {"camera_to_world": [0.7908617605497968, -0.34805882453631154, 0.5033812971917778, 0.18800705954499922, 0.5378551740386094, 0.0028799140362743836, -0.8430323349996965, 0.022256669312910194, 0.29197514870271585, 0.9374682718671307, 0.18948285353161173, -0.15901604029472557, 0.0, 0.0, 0.0, 1.0], "fov": 75.0, "aspect": 1.7777777777777777}, {"camera_to_world": [0.7985579766619864, -0.3449652706938681, 0.49325867445451066, 0.18399570622445513, 0.526944603256005, 0.004584663312534543, -0.8498872666193336, 0.017886825053827892, 0.29092016604024895, 0.9386042525353362, 0.18543870716141472, -0.16104585846079914, 0.0, 0.0, 0.0, 1.0], "fov": 75.0, "aspect": 1.7777777777777777}, {"camera_to_world": [0.8056947114558977, -0.3419906588250552, 0.4836304593472194, 0.1800301988807611, 0.516561163494391, 0.006118434104000203, -0.8562284327990025, 0.013905005336154783, 0.28986306474147217, 0.9396834328860543, 0.1815886826268682, -0.16299012024258414, 0.0, 0.0, 0.0, 1.0], "fov": 75.0, "aspect": 1.7777777777777777}, {"camera_to_world": [0.8122930688578872, -0.339145029137178, 0.47451092663602434, 0.17612516747116586, 0.5067214336875179, 0.007493011518724474, -0.8620772839021145, 0.010299421789254701, 0.28881370972843745, 0.9407042595789195, 0.17793857671391808, -0.16484458429346766, 0.0, 0.0, 0.0, 1.0], "fov": 75.0, "aspect": 1.7777777777777777}, {"camera_to_world": [0.8183731624169999, -0.3364378639046005, 0.4659130077245197, 0.17229524195291795, 0.49744052847778797, 0.008720059791141072, -0.8674542530790762, 0.007058286042491302, 0.287781666656057, 0.9416652931315609, 0.174494091728384, -0.16660500926683694, 0.0, 0.0, 0.0, 1.0], "fov": 75.0, "aspect": 1.7777777777777777}, {"camera_to_world": [0.8239540533157955, -0.333878124567138, 0.45784835476389096, 0.16855505228326603, 0.48873217872910785, 0.009811083320126174, -0.8723787022381879, 0.004169809725228332, 0.28677617665902866, 0.9425651916868225, 0.1712608651187228, -0.1682671538160791, 0.0, 0.0, 0.0, 1.0], "fov": 75.0, "aspect": 1.7777777777777777}, {"camera_to_world": [0.8290536941970277, -0.33147428860147715, 0.4503274010477332, 0.16491922841945872, 0.4806088088702583, 0.010777390210306215, -0.8768688731484126, 0.0016222044668294632, 0.2858061318001643, 0.9434026944292665, 0.16824449818352932, -0.1698267765945814, 0.0, 0.0, 0.0, 1.0], "fov": 75.0, "aspect": 1.7777777777777777}, {"camera_to_world": [0.8336888784586777, -0.32923438597576477, 0.4433594174318093, 0.1614024003187447, 0.4730816107586722, 0.011630058131283066, -0.8809418433187535, -0.0005963181033414977, 0.2848800510676244, 0.9441766046873987, 0.16545058375443578, -0.17127963625573092, 0.0, 0.0, 0.0, 1.0], "fov": 75.0, "aspect": 1.7777777777777777}, {"camera_to_world": [0.8378751946879985, -0.32716603500968316, 0.436952564545159, 0.1580191979383726, 0.4661606137840167, 0.012379902309378493, -0.8846134863177925, -0.0024975463559208768, 0.2840060567717833, 0.944885772755021, 0.1628847327470859, -0.17262149145291483, 0.0, 0.0, 0.0, 1.0], "fov": 75.0, "aspect": 1.7777777777777777}, {"camera_to_world": [0.841626985925111, -0.3252764774734125, 0.43111394058311503, 0.15478425123559097, 0.4598547509580134, 0.013037445467544012, -0.8878984362172423, -0.004093268661544952, 0.28319185119624557, 0.9455290784625131, 0.160552599474048, -0.17384810083952038, 0.0, 0.0, 0.0, 1.0], "fov": 75.0, "aspect": 1.7777777777777777}, {"camera_to_world": [0.8449573134682101, -0.3235726127688088, 0.42584962449502217, 0.15171219016764856, 0.4541719207615812, 0.013612889530962652, -0.8908100558650838, -0.005395273390849975, 0.282444693361941, 0.9461054135267297, 0.15845990561367493, -0.17495522306893468, 0.0, 0.0, 0.0, 1.0], "fov": 75.0, "aspect": 1.7777777777777777}, {"camera_to_world": [0.8478779249553912, -0.3220610310449407, 0.4211647143999719, 0.14881764469179393, 0.44911904454281565, 0.0141160889186773, -0.8933604087167667, -0.006415348914472219, 0.2817713757681722, 0.9466136637065355, 0.15661246272823173, -0.1759386167945449, 0.0, 0.0, 0.0, 1.0], "fov": 75.0, "aspect": 1.7777777777777777}, {"camera_to_world": [0.8503992264823956, -0.32074804510784805, 0.41706336108274605, 0.14611524476527576, 0.44470211927960857, 0.01455652524515369, -0.8955602339770405, -0.007165283603048011, 0.28117820098003327, 0.9470526907898422, 0.15501619322300175, -0.1767940406697382, 0.0, 0.0, 0.0, 1.0], "fov": 75.0, "aspect": 1.7777777777777777}, {"camera_to_world": [0.8525302585410044, -0.3196397209910251, 0.4135487964397767, 0.14361962034534265, 0.4409262655391796, 0.014943283259946483, -0.8974189248300296, -0.0076568658272135656, 0.2806709579377268, 0.9474213144373483, 0.15367714963561158, -0.1775172533479018, 0.0, 0.0, 0.0, 1.0], "fov": 75.0, "aspect": 1.7777777777777777}, {"camera_to_