{"default_fov": 75.0, "default_transition_sec": 0.5, "keyframes": [{"matrix": [0.38404882236290416, -0.48859122952696565, 0.7834443901586089, 0.39412724691341944, 0.7741099609545528, -0.2920938831304106, -0.5616359423939488, 0.27690573885800734, 0.50324970977896, 0.82216772854882, 0.26604502577621425, -0.05565140029740051, 0.0, 0.0, 0.0, 1.0], "fov": 75.0, "aspect": 1.7777777777777777, "override_transition_enabled": false, "override_transition_sec": null}, {"matrix": [0.10938027824608698, -0.5070322825881408, 0.8549586066847146, 0.44609299325734336, 0.8780636523776784, -0.3538409937733169, -0.32218127428310217, 0.4509052755707442, 0.4658757099312867, 0.785948354244076, 0.4065033915689365, 0.04641255514007857, 0.0, 0.0, 0.0, 1.0], "fov": 75.0, "aspect": 1.7777777777777777, "override_transition_enabled": false, "override_transition_sec": null}, {"matrix": [-0.08947236920408419, -0.5075495349525567, 0.8569645061018871, 0.4475505784112851, 0.9052925750778855, -0.40017660959819457, -0.1424922265926981, 0.5814761735914494, 0.41525901393932285, 0.7630544873729119, 0.49528557483759184, 0.11092605524833343, 0.0, 0.0, 0.0, 1.0], "fov": 75.0, "aspect": 1.7777777777777777, "override_transition_enabled": false, "override_transition_sec": null}, {"matrix": [0.7123572645595029, -0.42966283903500185, 0.5549206901726449, 0.22807068915597623, 0.511806199265161, -0.22297992021721774, -0.8296591888080755, 0.08214686832843662, 0.480209893716334, 0.8750255995868381, 0.061062738594349415, -0.2046016098938616, 0.0, 0.0, 0.0, 1.0], "fov": 75.0, "aspect": 1.7777777777777777, "override_transition_enabled": false, "override_transition_sec": null}, {"matrix": [0.37541553290514595, -0.4895188283620322, 0.7870416090224256, 0.35042434893817614, 0.7786796906007398, -0.2939904380666556, -0.5542811216082615, 0.31486914560062446, 0.5027137526460576, 0.8209390592513182, 0.270809792836373, -0.06812604140604209, 0.0, 0.0, 0.0, 1.0], "fov": 75.0, "aspect": 1.7777777777777777, "override_transition_enabled": false, "override_transition_sec": null}], "camera_type": "perspective", "render_height": 1080.0, "render_width": 1920.0, "fps": 30.0, "seconds": 2.0, "is_cycle": false, "smoothness_value": 0.0, "camera_path": [{"camera_to_world": [0.38404882236290416, -0.48859122952696565, 0.7834443901586089, 0.39412724691341944, 0.7741099609545528, -0.2920938831304106, -0.5616359423939488, 0.27690573885800734, 0.50324970977896, 0.82216772854882, 0.26604502577621425, -0.05565140029740051, 0.0, 0.0, 0.0, 1.0], "fov": 75.0, "aspect": 1.7777777777777777}, {"camera_to_world": [0.3586879776099887, -0.491245692966623, 0.7937383724249438, 0.3984296913442408, 0.7872702912478887, -0.29767409242531206, -0.5399959474081557, 0.28922630168085756, 0.5015460330184269, 0.8185766939270318, 0.27997102157718, -0.048224077194624404, 0.0, 0.0, 0.0, 1.0], "fov": 75.0, "aspect": 1.7777777777777777}, {"camera_to_world": [0.33488708404727474, -0.49354622367713513, 0.8026598071613856, 0.4027096877034221, 0.7989075798691587, -0.30293531230844994, -0.5195929901222549, 0.3015275628865114, 0.4995971574838244, 0.8152559853509946, 0.29284869571753525, -0.04081344318310574, 0.0, 0.0, 0.0, 1.0], "fov": 75.0, "aspect": 1.7777777777777777}, {"camera_to_world": [0.31255251055265787, -0.4955422548940821, 0.8104003959535799, 0.4069447879193233, 0.8092187443656192, -0.3078931035383017, -0.5003667260728706, 0.31379022085777225, 0.4974695487309362, 0.8121820672780464, 0.30476931879275115, -0.03343618735410193, 0.0, 0.0, 0.0, 1.0], "fov": 75.0, "aspect": 1.7777777777777777}, {"camera_to_world": [0.2915741869109322, -0.49727732299160393, 0.8171289724183894, 0.41111254392030466, 0.8183807237435825, -0.3125676129160804, -0.4822390261694648, 0.3259949739774437, 0.49521458432901505, 0.8093310517916926, 0.31582552790044277, -0.026108998798870426, 0.0, 0.0, 0.0, 1.0], "fov": 75.0, "aspect": 1.7777777777777777}, {"camera_to_world": [0.27182866760974567, -0.4987895591606934, 0.8229934089273083, 0.4151905076347261, 0.8265519289172125, -0.3169827958231428, -0.46511699168637055, 0.33812252062832937, 0.4928702509471898, 0.8066789217677782, 0.32611046120422005, -0.018848566608668658, 0.0, 0.0, 0.0, 1.0], "fov": 75.0, "aspect": 1.7777777777777777}, {"camera_to_world": [0.25318166366888273, -0.5001121727168224, 0.8281224908685405, 0.4191562309909475, 0.8338737294928994, -0.3211657639552351, -0.4488954837427672, 0.35015355919323277, 0.49046268812567145, 0.8042016953249411, 0.33571712019649963, -0.011671579874754043, 0.0, 0.0, 0.0, 1.0], "fov": 75.0, "aspect": 1.7777777777777777}, {"camera_to_world": [0.23549011975719392, -0.5012739086698041, 0.8326276910982718, 0.42298726591732905, 0.8404719020649549, -0.3251462424356195, -0.4334592286124659, 0.36206878805495735, 0.4880075668840179, 0.8018755449051267, 0.34473790790547926, -0.004594727688384038, 0.0, 0.0, 0.0, 1.0], "fov": 75.0, "aspect": 1.7777777777777777}, {"camera_to_world": [0.2186039069265161, -0.5022994660421544, 0.8366047921750328, 0.4266611643422305, 0.8464579805007958, -0.3289561216149123, -0.4186845558395841, 0.37384890559630674, 0.485511296596668, 0.7996768825380923, 0.35326429824025585, 0.0023653008591839417, 0.0, 0.0, 0.0, 1.0], "fov": 75.0, "aspect": 1.7777777777777777}, {"camera_to_world": [0.20236719410719994, -0.5032098664963742, 0.8401353158925534, 0.4301554781940121, 0.8519304611128964, -0.33262909015097053, -0.4044408211510134, 0.3854746102000845, 0.48297205734612325, 0.7975824212243143, 0.36138659794853195, 0.009191816676692457, 0.0, 0.0, 0.0, 1.0], "fov": 75.0, "aspect": 1.7777777777777777}, {"camera_to_world": [0.18661955459469226, -0.5040227652582023, 0.8432877290369841, 0.43344775940103375, 0.8569758255762621, -0.33620033726714127, -0.39059156109591614, 0.3969266002490941, 0.48038065762555726, 0.7955692209499661, 0.3691937681709991, 0.015868130672884066, 0.0, 0.0, 0.0, 1.0], "fov": 75.0, "aspect": 1.7777777777777777}, {"camera_to_world": [0.1711968575059355, -0.5047526982208929, 0.8461184016547687, 0.4365155598916555, 0.8616693523486526, -0.3397063133043259, -0.37699542162238064, 0.4081855741261391, 0.47772121912591015, 0.7936147266400185, 0.37677327725960436, 0.022377553756501356, 0.0, 0.0, 0.0, 1.0], "fov": 75.0, "aspect": 1.7777777777777777}, {"camera_to_world": [0.15593198888948456, -0.5054112605902681, 0.8486722998363537, 0.43933643159423735, 0.866075693543471, -0.343184538730291, -0.3635068987373876, 0.4192322302140231, 0.4749716916766361, 0.7916968043670719, 0.38421096036006164, 0.028703396836286886, 0.0, 0.0, 0.0, 1.0], "fov": 75.0, "aspect": 1.7777777777777777}, {"camera_to_world": [0.14065544304746713, -0.5060072135743001, 0.8509833994572946, 0.4418879264371392, 0.8702491990115058, -0.34667345258685245, -0.34997692622706467, 0.43004726689554956, 0.4721042024394122, 0.7897937813646574, 0.3915908642406796, 0.03482897082098322, 0.0, 0.0, 0.0, 1.0], "fov": 75.0, "aspect": 1.7777777777777777}, {"camera_to_world": [0.12519582182429734, -0.5065465165160101, 0.8530748107893202, 0.44414759634872125, 0.8742339730940485, -0.35021229189587066, -0.336253343319046, 0.440611382553522, 0.4690852443702887, 0.7878844948407966, 0.39899505799386725, 0.04073758661933291, 0.0, 0.0, 0.0, 1.0], "fov": 75.0, "aspect": 1.7777777777777777}, {"camera_to_world": [0.10938027824608698, -0.5070322825881408, 0.8549586066847146, 0.44609299325734336, 0.8780636523776784, -0.3538409937733169, -0.32218127428310217, 0.4509052755707442, 0.4658757099312867, 0.785948354244076, 0.4065033915689365, 0.04641255514007857, 0.0, 0.0, 0.0, 1.0], "fov": 75.0, "aspect": 1.7777777777777777}, {"camera_to_world": [0.09143009741074115, -0.5075033060198969, 0.8567852307704289, 0.4481150136357493, 0.8821096712335798, -0.35796967923920064, -0.30617027396788465, 0.46217750077651126, 0.462085560479494, 0.7837717162058468, 0.41494437178023436, 0.0525920426373747, 0.0, 0.0, 0.0, 1.0], "fov": 75.0, "aspect": 1.7777777777777777}, {"camera_to_world": [0.07026647444088052, -0.5079496237998385, 0.8585160465892596, 0.45051852418920146, 0.8864719608137356, -0.36285135000451985, -0.28723920430705213, 0.47534194203997304, 0.4574167522737882, 0.7812336894178975, 0.42478681389351053, 0.05982238396848309, 0.0, 0.0, 0.0, 1.0], "fov": 75.0, "aspect": 1.7777777777777777}, {"camera_to_world": [0.04677462471792293, -0.5083076203861718, 0.859904353716066, 0.4531520321948387, 0.8907998395148591, -0.36828753645591994, -0.26615772844599295, 0.4898772913037147, 0.4519820576115814, 0.7784520881522364, 0.4355738353581676, 0.06779914294680708, 0.0, 0.0, 0.0, 1.0], "fov": 75.0, "aspect": 1.7777777777777777}, {"camera_to_world": [0.021851709818860976, -0.5085300470386629, 0.8607669220159703, 0.4558640449297989, 0.8948023604003927, -0.3740748996116048, -0.2437143928914609, 0.5052622405103215, 0.44592739162320794, 0.7755418497666151, 0.44685971026788607, 0.07621788338575004, 0.0, 0.0, 0.0, 1.0], "fov": 75.0, "aspect": 1.7777777777777777}, {"camera_to_world": [-0.003595943168306137, -0.50859042645288, 0.8610010727712297, 0.4585030696712208, 0.8982651496122807, -0.3800053197346698, -0.22071628386999276, 0.5209754816023786, 0.4394391768888589, 0.7726135742360665, 0.45821553304248924, 0.0847741690987153, 0.0, 0.0, 0.0, 1.0], "fov": 75.0, "aspect": 1.7777777777777777}, {"camera_to_world": [-0.02865789848353284, -0.5084853566428952, 0.8605936131149564, 0.4609176136962428, 0.9010596720547995, -0.38586678328231305, -0.19798558774783998, 0.536495706522471, 0.4327472614020852, 0.7697723479309375, 0.46923377980478675, 0.09316356389910624, 0.0, 0.0, 0.0, 1.0], "fov": 75.0, "aspect": 1.7777777777777777}, {"camera_to_world": [-0.052425583925198915, -0.5082346747040397, 0.8596214711014267, 0.4629561842820033, 0.9031446039285805, -0.3914447556702656, -0.17635426746448074, 0.551301607213184, 0.42612367048169175, 0.7671170175968756, 0.47953112387882124, 0.1010816316003262, 0.0, 0.0, 0.0, 1.0], "fov": 75.0, "aspect": 1.7777777777777777}, {"camera_to_world": [-0.07399768744402924, -0.5078794749982766, 0.8582440102490726, 0.46446728870564086, 0.9045591020385798, -0.39652369262160403, -0.15665820153724846, 0.5648718756171028, 0.4198775692652482, 0.7647400866079939, 0.48874883811903264, 0.10822393601577858, 0.0, 0.0, 0.0, 1.0], "fov": 75.0, "aspect": 1.7777777777777777}, {"camera_to_world": [-0.09248358319914973, -0.5074780115994585, 0.8566871392647996, 0.4652994342442936, 0.9054079041200923, -0.40088836081060863, -0.1397320626178733, 0.5766852036768125, 0.41434685228140433, 0.7627283854096708, 0.4965501949398961, 0.11428604095886666, 0.0, 0.0, 0.0, 1.0], "fov": 75.0, "aspect": 1.7777777777777777}, {"camera_to_world": [-0.10700371218247773, -0.5070995384625078, 0.8552194242826117, 0.4653011281751002, 0.9058383235554478, -0.4043247101794609, -0.1264059346571657, 0.5862202833348984, 0.4098867369864827, 0.7611646253140034, 0.5026144407129255, 0.11896351024299383, 0.0, 0.0, 0.0, 1.0], "fov": 75.0, "aspect": 1.7777777777777777}, {"camera_to_world": [-0.11668637851860575, -0.5068161423662629, 0.8541204170988963, 0.46432087777519904, 0.9060092759653222, -0.4066201651774235, -0.11750418348245173, 0.5929558065339454, 0.40685560206663673, 0.760129883051617, 0.5066271606999863, 0.12195190768156343, 0.0, 0.0, 0.0, 1.0], "fov": 75.0, "aspect": 1.7777777777777777}, {"camera_to_world": [-0.12066116555154949, -0.5066925983255818, 0.8536413145635655, 0.4622071903217285, 0.9060524747749118, -0.40756337877387017, -0.11384641073255136, 0.5963704652165388, 0.4055980720886127, 0.7597069850175775, 0.5082671549820064, 0.12294679708797884, 0.0, 0.0, 0.0, 1.0], "fov": 75.0, "aspect": 1.7777777777777777}, {"camera_to_world": [-0.11805012156473538, -0.5067742280955148, 0.8539578739825204, 0.4588085730918271, 0.9060258694888872, -0.40694372002153467, -0.11624944108227081, 0.5959429513252639, 0.4064250147511308, 0.7599846646303001, 0.5071903162633464, 0.12164374227564338, 0.0, 0.0, 0.0, 1.0], "fov": 75.0, "aspect": 1.7777777777777777}, {"camera_to_world": [-0.10795901894244875, -0.5070726835077304, 0.8551152810406637, 0.45397353336263313, 0.9058593268138928, -0.40455104270796816, -0.12552821940972958, 0.5911519568027057, 0.40958970965255626, 0.7610622494147015, 0.5030114534109235, 0.11773830705796048, 0.0, 0.0, 0.0, 1.0], "fov": 75.0, "aspect": 1.7777777777777777}, {"camera_to_world": [-0.08947236920408419, -0.5075495349525567, 0.8569645061018871, 0.4475505784112851, 0.9052925750778855, -0.40017660959819457, -0.1424922265926981, 0.5814761735914494, 0.41525901393932285, 0.7630544873729119, 0.49528557483759184, 0.11092605524833343, 0.0, 0.0, 0.0, 1.0], "fov": 75.0, "aspect": 1.7777777777777777}, {"camera_to_world": [-0.059066889759532004, -0.5081382879458238, 0.8592476842317484, 0.43862496731984785, 0.9036286090462688, -0.3930067356593596, -0.1702969249266696, 0.5649596595647473, 0.4242245153774601, 0.7663818800375315, 0.4823819798695822, 0.09998865877489342, 0.0, 0.0, 0.0, 1.0], "fov": 75.0, "aspect": 1.7777777777777777}, {"camera_to_world": [-0.01522152339527505, -0.5085619957266401, 0.8608908187035473, 0.4267164482587812, 0.899637460775977, -0.3827217149916885, -0.21018213064476537, 0.540801093840539, 0.43637225438159977, 0.7712903379249332, 0.4633470300213035, 0.08440381037098763, 0.0, 0.0, 0.0, 1.0], "fov": 75.0, "aspect": 1.7777777777777777}, {"camera_to_world": [0.039898877270882926, -0.5083851441282673, 0.860204990000758, 0.4123252621378152, 0.8919645394422552, -0.3698821018393389, -0.2599740200798509, 0.5102111002284415, 0.4503413593820678, 0.7776450192527398, 0.43870364035567033, 0.06491110505784294, 0.0, 0.0, 0.0, 1.0], "fov": 75.0, "aspect": 1.7777777777777777}, {"camera_to_world": [0.1039559980814645, -0.5071835987993667, 0.8555454094154264, 0.39595164986668063, 0.8793199075980067, -0.35508747949315544, -0.3173474153180247, 0.4744003025380719, 0.46474686719193653, 0.7852882776510299, 0.40906316189454106, 0.04225013785668665, 0.0, 0.0, 0.0, 1.0], "fov": 75.0, "aspect": 1.7777777777777777}, {"camera_to_world": [0.17442046826097546, -0.5046055130974433, 0.8455476192405061, 0.37809585235510773, 0.86070847221126, -0.33897281884720587, -0.3798399056794032, 0.4345793245790464, 0.4782869704637379, 0.7940218537511706, 0.37519444245640693, 0.017160503788745583, 0.0, 0.0, 0.0, 1.0], "fov": 75.0, "aspect": 1.7777777777777777}, {"camera_to_world": [0.24861461023235276, -0.5004206955487719, 0.8293189392781879, 0.3592581105128272, 0.8356093090687747, -0.32219222361972033, -0.4449148835862711, 0.39195879016098245, 0.4898447286402298, 0.8035989662172691, 0.33805449755611305, -0.00961820212475285, 0.0, 0.0, 0.0, 1.0], "fov": 75.0, "aspect": 1.7777777777777777}, {"camera_to_world": [0.32380940823315685, -0.49455564869960345, 0.8065743471491067, 0.33993866524956917, 0.8040944647688286, -0.30539184637822103, -0.5100665759426241, 0.3477493230934963, 0.4985775354624636, 0.8137263240826219, 0.2987807065845453, -0.03734638486258195, 0.0, 0.0, 0.0, 1.0], "fov": 75.0, "aspect": 1.7777777777777777}, {"camera_to_world": [0.3973581265759536, -0.4871118227871388, 0.7777072658430288, 0.3206377574750644, 0.7668802770815598, -0.2891763875191238, -0.5729499607511109, 0.30316154718620536, 0.5039852774311553, 0.8240746865438718, 0.25864986203410373, -0.06528444940351427, 0.0, 0.0, 0.0, 1.0], "fov": 75.0, "aspect": 1.7777777777777777}, {"camera_to_world": [0.4668412051745854, -0.47836601893783925, 0.7437911273178133, 0.3018556280990432, 0.7253104539677989, -0.27407523323673666, -0.6315120837254455, 0.2594060862487257, 0.5059486481019257, 0.8342953424608046, 0.2190142621658291, -0.09269280072632305, 0.0, 0.0, 0.0, 1.0], "fov": 75.0, "aspect": 1.7777777777777777}, {"camera_to_world": [0.5301939106249132, -0.4687539231918658, 0.7065155176133754, 0.28409251803123603, 0.6812782116704381, -0.260514763083713, -0.68409944928977, 0.21769356409067492, 0.5047320233939899, 0.844038990632347, 0.18122849349077974, -0.11883184380978093, 0.0, 0.0, 0.0, 1.0], "fov": 75.0, "aspect": 1.7777777777777777}, {"camera_to_world": [0.585790030549715, -0.45883985884073375, 0.6680688767242338, 0.2678486681813732, 0.6371024247339944, -0.24880266760782027, -0.729518836624043, 0.17923460452166928, 0.5009496386929817, 0.852973162842916, 0.14658186437319964, -0.14296198363266116, 0.0, 0.0, 0.0, 1.0], "fov": 75.0, "aspect": 1.7777777777777777}, {"camera_to_world": [0.6324609915705661, -0.4492773800851503, 0.6309856812047319, 0.2536243194591855, 0.5953777126683301, -0.23912849954508758, -0.7670351621426115, 0.14523983135132598, 0.4954982072615435, 0.8607946308203476, 0.11625029097364903, -0.16434362517373627, 0.0, 0.0, 0.0, 1.0], "fov": 75.0, "aspect": 1.7777777777777777}, {"camera_to_world": [0.6694386206121126, -0.4407657858070621, 0.5979778050185769, 0.2419197127744031, 0.5588189694746171, -0.23158256145309702, -0.7962982334440721, 0.11691986838926142, 0.4894622483790543, 0.8672341317618363, 0.09127797170739106, -0.18223717341177953, 0.0, 0.0, 0.0, 1.0], "fov": 75.0, "aspect": 1.7777777777777777}, {"camera_to_world": [0.6962194376664018, -0.4340067304360865, 0.5717662569194315, 0.2332350890367565, 0.5301162373608367, -0.22619309128976506, -0.8171985440143473, 0.0954853394450927, 0.48399924535258143, 0.8720520875434897, 0.0725939881062718, -0.1959030333255637, 0.0, 0.0, 0.0, 1.0], "fov": 75.0, "aspect": 1.7777777777777777}, {"camera_to_world": [0.7123572645595029, -0.42966283903500185, 0.5549206901726449, 0.22807068915597623, 0.511806199265161, -0.22297992021721774, -0.8296591888080755, 0.08214686832843662, 0.480209893716334, 0.8750255995868381, 0.061062738594349415, -0.2046016098938616, 0.0, 0.0, 0.0, 1.0], "fov": 75.0, "aspect": 1.7777777777777777}, {"camera_to_world": [0.7197470971776769, -0.4275999514470326, 0.5469208330524657, 0.22594727233336523, 0.503145715268369, -0.22151792361779593, -0.8353287967759411, 0.07564591329404236, 0.4783393202647981, 0.8764063504097603, 0.05570820092280215, -0.2090968173912504, 0.0, 0.0, 0.0, 1.0], "fov": 75.0, "aspect": 1.7777777777777777}, {"camera_to_world": [0.7211334322798879, -0.42720756950657585, 0.5453991798715071, 0.22595081981587647, 0.5015008572120901, -0.22124433731863802, -0.83638976166616, 0.07369994588431159, 0.4779785173663845, 0.8766667757824071, 0.05469827397196252, -0.2107795603238302, 0.0, 0.0, 0.0, 1.0], "fov": 75.0, "aspect": 1.7777777777777777}, {"camera_to_world": [0.7170881382761918, -0.42834773200070836, 0.549820718446872, 0.2279294055817156, 0.5062825545883268, -0.2220432662680199, -0.8332915233125481, 0.07598360984033976, 0.47902252229211834, 0.8759081049943985, 0.05764039158453554, -0.20985072901765872, 0.0, 0.0, 0.0, 1.0], "fov": 75.0, "aspect": 1.7777777777777777}, {"camera_to_world": [0.708031174193708, -0.4308485543750345, 0.55951888222188, 0.23173110360908805, 0.5167940979779262, -0.22383857769282545, -0.8263293238362258, 0.08217154890322231, 0.481264705401363, 0.8742229774659297, 0.06417529902963881, -0.20651121379879395, 0.0, 0.0, 0.0, 1.0], "fov": 75.0, "aspect": 1.7777777777777777}, {"camera_to_world": [0.6942819537334632, -0.43451401668570766, 0.5737335078446245, 0.23720398787619948, 0.5322612380522729, -0.2265806705388892, -0.815695515621613, 0.09193840681405477, 0.48442805780333054, 0.8716987834348515, 0.07396409785222256, -0.2009619049932935, 0.0, 0.0, 0.0, 1.0], "fov": 75.0, "aspect": 1.7777777777777777}, {"camera_to_world": [0.6761081116122145, -0.4391321191745904, 0.5916424624056311, 0.2441961323612553, 0.5518565056804738, -0.23023405870710473, -0.8015277134007227, 0.1049588273139325, 0.488192808785937, 0.8684211306275816, 0.08667480215847445, -0.19340369292721524, 0.0, 0.0, 0.0, 1.0], "fov": 75.0, "aspect": 1.7777777777777777}, {"camera_to_world": [0.6537692786809672, -0.4444821584430025, 0.6123898603657784, 0.25255561104246127, 0.5747208756597191, -0.2347662308254274, -0.7839519959442337, 0.1209074541439511, 0.4922211345867765, 0.8644769677035194, 0.10197022593009529, -0.18403746792661688, 0.0, 0.0, 0.0, 1.0], "fov": 75.0, "aspect": 1.7777777777777777}, {"camera_to_world": [0.6275541531730304, -0.45034161151605556, 0.6351127598878822, 0.2621304978980228, 0.5999848156411786, -0.24013812421448877, -0.7631198479261092, 0.1394589310452059, 0.4961794089190942, 0.8599570420874925, 0.11949845157502828, -0.17306412031755627, 0.0, 0.0, 0.0, 1.0], "fov": 75.0, "aspect": 1.7777777777777777}, {"camera_to_world": [0.5978096923877458, -0.456492863040261, 0.6589672508407185, 0.2727688669061455, 0.6267897502098206, -0.24629645746822892, -0.7392378940980446, 0.16028790175879254, 0.4997581222143162, 0.8549574966230233, 0.13888663812229748, -0.16068454042609112, 0.0, 0.0, 0.0, 1.0], "fov": 75.0, "aspect": 1.7777777777777777}, {"camera_to_world": [0.5649617378459233, -0.4627297902899936, 0.6831539913872222, 0.28431879204503474, 0.6543100824211445, -0.2531680800829664, -0.7125898113705669, 0.18306901002580622, 0.5026893183788068, 0.8495805226141213, 0.15973848873257598, -0.14709961857827936, 0.0, 0.0, 0.0, 1.0], "fov": 75.0, "aspect": 1.7777777777777777}, {"camera_to_world": [0.5295268799302348, -0.4688640442307871, 0.706942565884175, 0.29662834729289644, 0.6817751920981151, -0.26065640497492204, -0.6835501634738506, 0.20747689958734278, 0.5047612018280812, 0.8439340889981279, 0.18163530096314176, -0.13251024510017856, 0.0, 0.0, 0.0, 1.0], "fov": 75.0, "aspect": 1.7777777777777777}, {"camera_to_world": [0.49211587880850205, -0.4747307408702126, 0.7296935558831221, 0.3095456066279357, 0.7084903010771779, -0.26863988631118696, -0.6525903039137823, 0.23318621418449723, 0.5058294723561545, 0.8381308580141481, 0.20414017179468266, -0.11711731031784675, 0.0, 0.0, 0.0, 1.0], "fov": 75.0, "aspect": 1.7777777777777777}, {"camera_to_world": [0.45342946930058914, -0.4801932092382593, 0.7508769527500809, 0.32291864402835846, 0.733854776533273, -0.27697239450660205, -0.6202769217378468, 0.25987159755836553, 0.505824953248736, 0.8322864738073905, 0.22680463440629614, -0.10112170455734146, 0.0, 0.0, 0.0, 1.0], "fov": 75.0, "aspect": 1.7777777777777777}, {"camera_to_world": [0.41424784912046, -0.48514642929277924, 0.7700854898279405, 0.33659553347237003, 0.7573763346797269, -0.2854852318127846, -0.587264225101362, 0.2872076934500427, 0.504757176438508, 0.8265174677895604, 0.24917678116662043, -0.08472431814472073, 0.0, 0.0, 0.0, 1.0], "fov": 75.0, "aspect": 1.7777777777777777}]}