{"default_fov": 75.0, "default_transition_sec": 2.0, "keyframes": [{"matrix": [0.506192449972889, -0.44430626482238667, 0.7391624629471004, 0.4017165910324912, 0.7336952290951991, -0.22861176444665232, -0.6398655889790699, 0.1634597041090394, 0.4532775246947368, 0.8662151027292053, 0.2102638376194171, -0.09410354982952843, 0.0, 0.0, 0.0, 1.0], "fov": 75.0, "aspect": 1.7777777777777777, "override_transition_enabled": false, "override_transition_sec": null}, {"matrix": [0.506192449972889, -0.44430626482238667, 0.7391624629471004, 0.37091424893529346, 0.7336952290951991, -0.22861176444665232, -0.6398655889790699, 0.1901241517182638, 0.4532775246947368, 0.8662151027292053, 0.2102638376194171, -0.10286565421345524, 0.0, 0.0, 0.0, 1.0], "fov": 75.0, "aspect": 1.7777777777777777, "override_transition_enabled": false, "override_transition_sec": null}, {"matrix": [0.506192449972889, -0.4443062648223867, 0.7391624629471004, 0.3146217084847014, 0.733695229095199, -0.22861176444665232, -0.6398655889790699, 0.23885452069145674, 0.4532775246947368, 0.8662151027292053, 0.21026383761941714, -0.11887875847377649, 0.0, 0.0, 0.0, 1.0], "fov": 75.0, "aspect": 1.7777777777777777, "override_transition_enabled": false, "override_transition_sec": null}, {"matrix": [0.506192449972889, -0.44430626482238667, 0.7391624629471005, 0.2533101812271808, 0.7336952290951991, -0.22861176444665232, -0.6398655889790698, 0.29192964079891187, 0.45327752469473676, 0.8662151027292054, 0.21026383761941708, -0.13631957515171486, 0.0, 0.0, 0.0, 1.0], "fov": 75.0, "aspect": 1.7777777777777777, "override_transition_enabled": false, "override_transition_sec": null}, {"matrix": [0.506192449972889, -0.4443062648223867, 0.7391624629471004, 0.28123485407445137, 0.733695229095199, -0.22861176444665232, -0.6398655889790699, 0.2677562849615153, 0.4532775246947368, 0.8662151027292053, 0.21026383761941714, -0.12837605911638547, 0.0, 0.0, 0.0, 1.0], "fov": 75.0, "aspect": 1.7777777777777777, "override_transition_enabled": false, "override_transition_sec": null}, {"matrix": [0.6239621959979895, -0.41874418832084676, 0.659791241767335, 0.2344488703537872, 0.6466463329016694, -0.19739090743225074, -0.7368075391904567, 0.21061306331974428, 0.43877066687529387, 0.886391637150638, 0.14761492973009843, -0.1653049536627715, 0.0, 0.0, 0.0, 1.0], "fov": 75.0, "aspect": 1.7777777777777777, "override_transition_enabled": false, "override_transition_sec": null}, {"matrix": [0.9092346676836273, -0.29940084362036207, 0.2892256107637416, 0.01601599834418167, 0.2625877600054976, -0.1266165402693222, -0.9565646449799, 0.08107548145576018, 0.3230170078765808, 0.9456888423628792, -0.03650515104500064, -0.2738360063926874, 0.0, 0.0, 0.0, 1.0], "fov": 75.0, "aspect": 1.7777777777777777, "override_transition_enabled": false, "override_transition_sec": null}, {"matrix": [0.43936435230178816, -0.4555922374097995, 0.7742058377062029, 0.3018914681010757, 0.7733814365215824, -0.24659992326943625, -0.5840116706773268, 0.3006798088517967, 0.4569902838904172, 0.8553503323524472, 0.24399936347112566, -0.10849037908376002, 0.0, 0.0, 0.0, 1.0], "fov": 75.0, "aspect": 1.7777777777777777, "override_transition_enabled": false, "override_transition_sec": null}, {"matrix": [0.11050388406473644, -0.485542046960722, 0.8672011371301352, 0.3567082903777369, 0.8914986863285451, -0.3372813616699646, -0.30244235044803713, 0.4666530943961316, 0.4393392582971455, 0.8065297289643123, 0.3955891965355819, -0.01913454078313588, 0.0, 0.0, 0.0, 1.0], "fov": 75.0, "aspect": 1.7777777777777777, "override_transition_enabled": false, "override_transition_sec": null}, {"matrix": [-0.23927603135561937, -0.4783699382629477, 0.844931466442698, 0.34358125505665005, 0.8994182354599739, -0.43702848169535136, 0.007276256532219694, 0.6492192019282568, 0.3657783735279757, 0.7616878024186546, 0.5348250864589928, 0.06293916702515515, 0.0, 0.0, 0.0, 1.0], "fov": 75.0, "aspect": 1.7777777777777777, "override_transition_enabled": false, "override_transition_sec": null}, {"matrix": [0.4424131482142455, -0.5170439398155778, 0.7327592855686957, 0.2774604667862135, 0.771704812516541, -0.1967748674985571, -0.6047737873450993, 0.28844141329293793, 0.4568832330322162, 0.8330337423063428, 0.31194950801871657, -0.06843662345941781, 0.0, 0.0, 0.0, 1.0], "fov": 75.0, "aspect": 1.7777777777777777, "override_transition_enabled": false, "override_transition_sec": null}, {"matrix": [0.44241314821424527, -0.36329317094247837, 0.8199321180644893, 0.3288451894106488, 0.7717048125165412, -0.31156237433700507, -0.5544371643714898, 0.3181127378936904, 0.45688323303221623, 0.878035852823817, 0.1425157974751652, -0.16831067791244186, 0.0, 0.0, 0.0, 1.0], "fov": 75.0, "aspect": 1.7777777777777777, "override_transition_enabled": false, "override_transition_sec": null}], "camera_type": "perspective", "render_height": 1080.0, "render_width": 1920.0, "fps": 30.0, "seconds": 22.0, "is_cycle": false, "smoothness_value": 0.0, "camera_path": [{"camera_to_world": [0.506192449972889, -0.44430626482238655, 0.7391624629471004, 0.4017165910324912, 0.733695229095199, -0.22861176444665232, -0.6398655889790696, 0.1634597041090394, 0.4532775246947368, 0.8662151027292053, 0.2102638376194171, -0.09410354982952843, 0.0, 0.0, 0.0, 1.0], "fov": 75.0, "aspect": 1.7777777777777777}, {"camera_to_world": [0.506192449972889, -0.44430626482238655, 0.7391624629471004, 0.40130939832146595, 0.733695229095199, -0.22861176444665232, -0.6398655889790696, 0.16381219576943745, 0.4532775246947368, 0.8662151027292053, 0.2102638376194171, -0.09421938079546988, 0.0, 0.0, 0.0, 1.0], "fov": 75.0, "aspect": 1.7777777777777777}, {"camera_to_world": [0.506192449972889, -0.44430626482238655, 0.7391624629471004, 0.40090202859517443, 0.733695229095199, -0.22861176444665232, -0.6398655889790696, 0.16416484066540052, 0.4532775246947368, 0.8662151027292053, 0.2102638376194171, -0.09433526211557712, 0.0, 0.0, 0.0, 1.0], "fov": 75.0, "aspect": 1.7777777777777777}, {"camera_to_world": [0.506192449972889, -0.44430626482238655, 0.7391624629471004, 0.40049430483835013, 0.733695229095199, -0.22861176444665232, -0.6398655889790696, 0.16451779203249364, 0.4532775246947368, 0.8662151027292053, 0.2102638376194171, -0.09445124414401598, 0.0, 0.0, 0.0, 1.0], "fov": 75.0, "aspect": 1.7777777777777777}, {"camera_to_world": [0.506192449972889, -0.44430626482238655, 0.7391624629471004, 0.4000860500357269, 0.733695229095199, -0.22861176444665232, -0.6398655889790696, 0.16487120310628187, 0.4532775246947368, 0.8662151027292053, 0.2102638376194171, -0.09456737723495226, 0.0, 0.0, 0.0, 1.0], "fov": 75.0, "aspect": 1.7777777777777777}, {"camera_to_world": [0.506192449972889, -0.44430626482238655, 0.7391624629471004, 0.39967708717203826, 0.733695229095199, -0.22861176444665232, -0.6398655889790696, 0.16522522712233018, 0.4532775246947368, 0.8662151027292053, 0.2102638376194171, -0.09468371174255179, 0.0, 0.0, 0.0, 1.0], "fov": 75.0, "aspect": 1.7777777777777777}, {"camera_to_world": [0.506192449972889, -0.44430626482238655, 0.7391624629471004, 0.3992672392320179, 0.733695229095199, -0.22861176444665232, -0.6398655889790696, 0.16558001731620361, 0.4532775246947368, 0.8662151027292053, 0.2102638376194171, -0.09480029802098036, 0.0, 0.0, 0.0, 1.0], "fov": 75.0, "aspect": 1.7777777777777777}, {"camera_to_world": [0.506192449972889, -0.44430626482238655, 0.7391624629471004, 0.3988563292003995, 0.733695229095199, -0.22861176444665232, -0.6398655889790696, 0.16593572692346725, 0.4532775246947368, 0.8662151027292053, 0.2102638376194171, -0.09491718642440375, 0.0, 0.0, 0.0, 1.0], "fov": 75.0, "aspect": 1.7777777777777777}, {"camera_to_world": [0.506192449972889, -0.44430626482238655, 0.7391624629471004, 0.3984441800619167, 0.733695229095199, -0.22861176444665232, -0.6398655889790696, 0.16629250917968605, 0.4532775246947368, 0.8662151027292053, 0.2102638376194171, -0.09503442730698783, 0.0, 0.0, 0.0, 1.0], "fov": 75.0, "aspect": 1.7777777777777777}, {"camera_to_world": [0.506192449972889, -0.44430626482238655, 0.7391624629471004, 0.39803061480130314, 0.733695229095199, -0.22861176444665232, -0.6398655889790696, 0.16665051732042507, 0.4532775246947368, 0.8662151027292053, 0.2102638376194171, -0.09515207102289837, 0.0, 0.0, 0.0, 1.0], "fov": 75.0, "aspect": 1.7777777777777777}, {"camera_to_world": [0.506192449972889, -0.44430626482238655, 0.7391624629471004, 0.39761545640329243, 0.733695229095199, -0.22861176444665232, -0.6398655889790696, 0.16700990458124937, 0.4532775246947368, 0.8662151027292053, 0.2102638376194171, -0.09527016792630118, 0.0, 0.0, 0.0, 1.0], "fov": 75.0, "aspect": 1.7777777777777777}, {"camera_to_world": [0.506192449972889, -0.44430626482238655, 0.7391624629471004, 0.3971985278526184, 0.733695229095199, -0.22861176444665232, -0.6398655889790696, 0.16737082419772392, 0.4532775246947368, 0.8662151027292053, 0.2102638376194171, -0.09538876837136208, 0.0, 0.0, 0.0, 1.0], "fov": 75.0, "aspect": 1.7777777777777777}, {"camera_to_world": [0.506192449972889, -0.44430626482238655, 0.7391624629471004, 0.3967796521340146, 0.733695229095199, -0.22861176444665232, -0.6398655889790696, 0.16773342940541378, 0.4532775246947368, 0.8662151027292053, 0.2102638376194171, -0.09550792271224687, 0.0, 0.0, 0.0, 1.0], "fov": 75.0, "aspect": 1.7777777777777777}, {"camera_to_world": [0.506192449972889, -0.44430626482238655, 0.7391624629471004, 0.3963586522322146, 0.733695229095199, -0.22861176444665232, -0.6398655889790696, 0.16809787343988397, 0.4532775246947368, 0.8662151027292053, 0.2102638376194171, -0.09562768130312135, 0.0, 0.0, 0.0, 1.0], "fov": 75.0, "aspect": 1.7777777777777777}, {"camera_to_world": [0.506192449972889, -0.44430626482238655, 0.7391624629471004, 0.3959353511319522, 0.733695229095199, -0.22861176444665232, -0.6398655889790696, 0.16846430953669952, 0.4532775246947368, 0.8662151027292053, 0.2102638376194171, -0.09574809449815133, 0.0, 0.0, 0.0, 1.0], "fov": 75.0, "aspect": 1.7777777777777777}, {"camera_to_world": [0.506192449972889, -0.44430626482238655, 0.7391624629471004, 0.395509571817961, 0.733695229095199, -0.22861176444665232, -0.6398655889790696, 0.16883289093142548, 0.4532775246947368, 0.8662151027292053, 0.2102638376194171, -0.09586921265150264, 0.0, 0.0, 0.0, 1.0], "fov": 75.0, "aspect": 1.7777777777777777}, {"camera_to_world": [0.506192449972889, -0.44430626482238655, 0.7391624629471004, 0.3950811372749746, 0.733695229095199, -0.22861176444665232, -0.6398655889790696, 0.16920377085962685, 0.4532775246947368, 0.8662151027292053, 0.2102638376194171, -0.09599108611734108, 0.0, 0.0, 0.0, 1.0], "fov": 75.0, "aspect": 1.7777777777777777}, {"camera_to_world": [0.506192449972889, -0.44430626482238655, 0.7391624629471004, 0.3946498704877267, 0.733695229095199, -0.22861176444665232, -0.6398655889790696, 0.1695771025568686, 0.4532775246947368, 0.8662151027292053, 0.2102638376194171, -0.09611376524983245, 0.0, 0.0, 0.0, 1.0], "fov": 75.0, "aspect": 1.7777777777777777}, {"camera_to_world": [0.506192449972889, -0.44430626482238655, 0.7391624629471004, 0.394215594440951, 0.733695229095199, -0.22861176444665232, -0.6398655889790696, 0.16995303925871588, 0.4532775246947368, 0.8662151027292053, 0.2102638376194171, -0.09623730040314256, 0.0, 0.0, 0.0, 1.0], "fov": 75.0, "aspect": 1.7777777777777777}, {"camera_to_world": [0.506192449972889, -0.44430626482238655, 0.7391624629471004, 0.3937781321193812, 0.733695229095199, -0.22861176444665232, -0.6398655889790696, 0.1703317342007336, 0.4532775246947368, 0.8662151027292053, 0.2102638376194171, -0.09636174193143722, 0.0, 0.0, 0.0, 1.0], "fov": 75.0, "aspect": 1.7777777777777777}, {"camera_to_world": [0.506192449972889, -0.44430626482238655, 0.7391624629471004, 0.3933373065077508, 0.733695229095199, -0.22861176444665232, -0.6398655889790696, 0.17071334061848692, 0.4532775246947368, 0.8662151027292053, 0.2102638376194171, -0.09648714018888221, 0.0, 0.0, 0.0, 1.0], "fov": 75.0, "aspect": 1.7777777777777777}, {"camera_to_world": [0.506192449972889, -0.44430626482238655, 0.7391624629471004, 0.39289294059079355, 0.733695229095199, -0.22861176444665232, -0.6398655889790696, 0.17109801174754075, 0.4532775246947368, 0.8662151027292053, 0.2102638376194171, -0.0966135455296434, 0.0, 0.0, 0.0, 1.0], "fov": 75.0, "aspect": 1.7777777777777777}, {"camera_to_world": [0.506192449972889, -0.44430626482238655, 0.7391624629471004, 0.3924448573532431, 0.733695229095199, -0.22861176444665232, -0.6398655889790696, 0.17148590082346013, 0.4532775246947368, 0.8662151027292053, 0.2102638376194171, -0.09674100830788655, 0.0, 0.0, 0.0, 1.0], "fov": 75.0, "aspect": 1.7777777777777777}, {"camera_to_world": [0.506192449972889, -0.44430626482238655, 0.7391624629471004, 0.3919928797798331, 0.733695229095199, -0.22861176444665232, -0.6398655889790696, 0.17187716108181017, 0.4532775246947368, 0.8662151027292053, 0.2102638376194171, -0.0968695788777775, 0.0, 0.0, 0.0, 1.0], "fov": 75.0, "aspect": 1.7777777777777777}, {"camera_to_world": [0.506192449972889, -0.44430626482238655, 0.7391624629471004, 0.3915368308552972, 0.733695229095199, -0.22861176444665232, -0.6398655889790696, 0.1722719457581558, 0.4532775246947368, 0.8662151027292053, 0.2102638376194171, -0.09699930759348202, 0.0, 0.0, 0.0, 1.0], "fov": 75.0, "aspect": 1.7777777777777777}, {"camera_to_world": [0.506192449972889, -0.44430626482238655, 0.7391624629471004, 0.3910765335643691, 0.733695229095199, -0.22861176444665232, -0.6398655889790696, 0.1726704080880621, 0.4532775246947368, 0.8662151027292053, 0.2102638376194171, -0.09713024480916595, 0.0, 0.0, 0.0, 1.0], "fov": 75.0, "aspect": 1.7777777777777777}, {"camera_to_world": [0.506192449972889, -0.44430626482238655, 0.7391624629471004, 0.39061181089178243, 0.733695229095199, -0.22861176444665232, -0.6398655889790696, 0.17307270130709412, 0.4532775246947368, 0.8662151027292053, 0.2102638376194171, -0.09726244087899508, 0.0, 0.0, 0.0, 1.0], "fov": 75.0, "aspect": 1.7777777777777777}, {"camera_to_world": [0.506192449972889, -0.44430626482238655, 0.7391624629471004, 0.3901424858222708, 0.733695229095199, -0.22861176444665232, -0.6398655889790696, 0.17347897865081682, 0.4532775246947368, 0.8662151027292053, 0.2102638376194171, -0.09739594615713523, 0.0, 0.0, 0.0, 1.0], "fov": 75.0, "aspect": 1.7777777777777777}, {"camera_to_world": [0.506192449972889, -0.44430626482238655, 0.7391624629471004, 0.38966838134056797, 0.733695229095199, -0.22861176444665232, -0.6398655889790696, 0.1738893933547953, 0.4532775246947368, 0.8662151027292053, 0.2102638376194171, -0.09753081099775221, 0.0, 0.0, 0.0, 1.0], "fov": 75.0, "aspect": 1.7777777777777777}, {"camera_to_world": [0.506192449972889, -0.44430626482238655, 0.7391624629471004, 0.38918932043140747, 0.733695229095199, -0.22861176444665232, -0.6398655889790696, 0.17430409865459454, 0.4532775246947368, 0.8662151027292053, 0.2102638376194171, -0.09766708575501182, 0.0, 0.0, 0.0, 1.0], "fov": 75.0, "aspect": 1.7777777777777777}, {"camera_to_world": [0.506192449972889, -0.44430626482238655, 0.7391624629471004, 0.388705126079523, 0.733695229095199, -0.22861176444665232, -0.6398655889790696, 0.17472324778577958, 0.4532775246947368, 0.8662151027292053, 0.2102638376194171, -0.09780482078307987, 0.0, 0.0, 0.0, 1.0], "fov": 75.0, "aspect": 1.7777777777777777}, {"camera_to_world": [0.506192449972889, -0.44430626482238655, 0.7391624629471004, 0.3882156212696483, 0.733695229095199, -0.22861176444665232, -0.6398655889790696, 0.17514699398391542, 0.4532775246947368, 0.8662151027292053, 0.2102638376194171, -0.09794406643612215, 0.0, 0.0, 0.0, 1.0], "fov": 75.0, "aspect": 1.7777777777777777}, {"camera_to_world": [0.506192449972889, -0.44430626482238655, 0.7391624629471004, 0.387720628986517, 0.733695229095199, -0.22861176444665232, -0.6398655889790696, 0.17557549048456714, 0.4532775246947368, 0.8662151027292053, 0.2102638376194171, -0.0980848730683045, 0.0, 0.0, 0.0, 1.0], "fov": 75.0, "aspect": 1.7777777777777777}, {"camera_to_world": [0.506192449972889, -0.44430626482238655, 0.7391624629471004, 0.3872199722148627, 0.733695229095199, -0.22861176444665232, -0.6398655889790696, 0.1760088905232997, 0.4532775246947368, 0.8662151027292053, 0.2102638376194171, -0.09822729103379271, 0.0, 0.0, 0.0, 1.0], "fov": 75.0, "aspect": 1.7777777777777777}, {"camera_to_world": [0.506192449972889, -0.44430626482238655, 0.7391624629471004, 0.386713473939419, 0.733695229095199, -0.22861176444665232, -0.6398655889790696, 0.17644734733567824, 0.4532775246947368, 0.8662151027292053, 0.2102638376194171, -0.09837137068675261, 0.0, 0.0, 0.0, 1.0], "fov": 75.0, "aspect": 1.7777777777777777}, {"camera_to_world": [0.506192449972889, -0.44430626482238655, 0.7391624629471004, 0.38620095714491975, 0.733695229095199, -0.22861176444665232, -0.6398655889790696, 0.17689101415726766, 0.4532775246947368, 0.8662151027292053, 0.2102638376194171, -0.09851716238134998, 0.0, 0.0, 0.0, 1.0], "fov": 75.0, "aspect": 1.7777777777777777}, {"camera_to_world": [0.506192449972889, -0.44430626482238655, 0.7391624629471004, 0.3856822448160985, 0.733695229095199, -0.22861176444665232, -0.6398655889790696, 0.1773400442236331, 0.4532775246947368, 0.8662151027292053, 0.2102638376194171, -0.09866471647175065, 0.0, 0.0, 0.0, 1.0], "fov": 75.0, "aspect": 1.7777777777777777}, {"camera_to_world": [0.506192449972889, -0.44430626482238655, 0.7391624629471004, 0.3851571599376888, 0.733695229095199, -0.22861176444665232, -0.6398655889790696, 0.1777945907703395, 0.4532775246947368, 0.8662151027292053, 0.2102638376194171, -0.09881408331212041, 0.0, 0.0, 0.0, 1.0], "fov": 75.0, "aspect": 1.7777777777777777}, {"camera_to_world": [0.506192449972889, -0.44430626482238655, 0.7391624629471004, 0.38462552549442447, 0.733695229095199, -0.22861176444665232, -0.6398655889790696, 0.17825480703295188, 0.4532775246947368, 0.8662151027292053, 0.2102638376194171, -0.09896531325662508, 0.0, 0.0, 0.0, 1.0], "fov": 75.0, "aspect": 1.7777777777777777}, {"camera_to_world": [0.506192449972889, -0.44430626482238655, 0.7391624629471004, 0.3840871644710391, 0.733695229095199, -0.22861176444665232, -0.6398655889790696, 0.17872084624703538, 0.4532775246947368, 0.8662151027292053, 0.2102638376194171, -0.09911845665943046, 0.0, 0.0, 0.0, 1.0], "fov": 75.0, "aspect": 1.7777777777777777}, {"camera_to_world": [0.506192449972889, -0.44430626482238655, 0.7391624629471004, 0.3835418998522663, 0.733695229095199, -0.22861176444665232, -0.6398655889790696, 0.1791928616481549, 0.4532775246947368, 0.8662151027292053, 0.2102638376194171, -0.09927356387470238, 0.0, 0.0, 0.0, 1.0], "fov": 75.0, "aspect": 1.7777777777777777}, {"camera_to_world": [0.506192449972889, -0.44430626482238655, 0.7391624629471004, 0.3829895546228398, 0.733695229095199, -0.22861176444665232, -0.6398655889790696, 0.17967100647187553, 0.4532775246947368, 0.8662151027292053, 0.2102638376194171, -0.09943068525660662, 0.0, 0.0, 0.0, 1.0], "fov": 75.0, "aspect": 1.7777777777777777}, {"camera_to_world": [0.506192449972889, -0.44430626482238655, 0.7391624629471004, 0.3824299517674933, 0.733695229095199, -0.22861176444665232, -0.6398655889790696, 0.18015543395376232, 0.4532775246947368, 0.8662151027292053, 0.2102638376194171, -0.09958987115930899, 0.0, 0.0, 0.0, 1.0], "fov": 75.0, "aspect": 1.7777777777777777}, {"camera_to_world": [0.506192449972889, -0.44430626482238655, 0.7391624629471004, 0.3818629142709603, 0.733695229095199, -0.22861176444665232, -0.6398655889790696, 0.18064629732938026, 0.4532775246947368, 0.8662151027292053, 0.2102638376194171, -0.09975117193697533, 0.0, 0.0, 0.0, 1.0], "fov": 75.0, "aspect": 1.7777777777777777}, {"camera_to_world": [0.506192449972889, -0.44430626482238655, 0.7391624629471004, 0.38128826511797465, 0.733695229095199, -0.22861176444665232, -0.6398655889790696, 0.18114374983429435, 0.4532775246947368, 0.8662151027292053, 0.2102638376194171, -0.09991463794377141, 0.0, 0.0, 0.0, 1.0], "fov": 75.0, "aspect": 1.7777777777777777}, {"camera_to_world": [0.506192449972889, -0.44430626482238655, 0.7391624629471004, 0.38070582729326985, 0.733695229095199, -0.22861176444665232, -0.6398655889790696, 0.1816479447040697, 0.4532775246947368, 0.8662151027292053, 0.2102638376194171, -0.10008031953386305, 0.0, 0.0, 0.0, 1.0], "fov": 75.0, "aspect": 1.7777777777777777}, {"camera_to_world": [0.506192449972889, -0.44430626482238655, 0.7391624629471004, 0.3801154237815796, 0.733695229095199, -0.22861176444665232, -0.6398655889790696, 0.18215903517427123, 0.4532775246947368, 0.8662151027292053, 0.2102638376194171, -0.10024826706141607, 0.0, 0.0, 0.0, 1.0], "fov": 75.0, "aspect": 1.7777777777777777}, {"camera_to_world": [0.506192449972889, -0.44430626482238655, 0.7391624629471004, 0.3795168775676376, 0.733695229095199, -0.22861176444665232, -0.6398655889790696, 0.1826771744804641, 0.4532775246947368, 0.8662151027292053, 0.2102638376194171, -0.1004185308805963, 0.0, 0.0, 0.0, 1.0], "fov": 75.0, "aspect": 1.7777777777777777}, {"camera_to_world": [0.506192449972889, -0.44430626482238655, 0.7391624629471004, 0.37891001163617744, 0.733695229095199, -0.22861176444665232, -0.6398655889790696, 0.1832025158582132, 0.4532775246947368, 0.8662151027292053, 0.2102638376194171, -0.10059116134556949, 0.0, 0.0, 0.0, 1.0], "fov": 75.0, "aspect": 1.7777777777777777}, {"camera_to_world": [0.506192449972889, -0.44430626482238655, 0.7391624629471004, 0.3782946489719329, 0.733695229095199, -0.22861176444665232, -0.6398655889790696, 0.18373521254308367, 0.4532775246947368, 0.8662151027292053, 0.2102638376194171, -0.10076620881050147, 0.0, 0.0, 0.0, 1.0], "fov": 75.0, "aspect": 1.7777777777777777}, {"camera_to_world": [0.506192449972889, -0.44430626482238655, 0.7391624629471004, 0.37767061255963746, 0.733695229095199, -0.22861176444665232, -0.6398655889790696, 0.18427541777064047, 0.4532775246947368, 0.8662151027292053, 0.2102638376194171, -0.10094372362955809, 0.0, 0.0, 0.0, 1.0], "fov": 75.0, "aspect": 1.7777777777777777}, {"camera_to_world": [0.506192449972889, -0.44430626482238655, 0.7391624629471004, 0.3770377253840249, 0.733695229095199, -0.22861176444665232, -0.6398655889790696, 0.18482328477644866, 0.4532775246947368, 0.8662151027292053, 0.2102638376194171, -0.10112375615690508, 0.0, 0.0, 0.0, 1.0], "fov": 75.0, "aspect": 1.7777777777777777}, {"camera_to_world": [0.506192449972889, -0.44430626482238655, 0.7391624629471004, 0.37639581042982884, 0.733695229095199, -0.22861176444665232, -0.6398655889790696, 0.1853789667960732, 0.4532775246947368, 0.8662151027292053, 0.2102638376194171, -0.10130635674670832, 0.0, 0.0, 0.0, 1.0], "fov": 75.0, "aspect": 1.7777777777777777}, {"camera_to_world": [0.506192449972889, -0.44430626482238655, 0.7391624629471004, 0.37574469068178296, 0.733695229095199, -0.22861176444665232, -0.6398655889790696, 0.18594261706507925, 0.4532775246947368, 0.8662151027292053, 0.2102638376194171, -0.10149157575313358, 0.0, 0.0, 0.0, 1.0], "fov": 75.0, "aspect": 1.7777777777777777}, {"camera_to_world": [0.506192449972889, -0.44430626482238655, 0.7391624629471004, 0.37508418912462094, 0.733695229095199, -0.22861176444665232, -0.6398655889790696, 0.18651438881903173, 0.4532775246947368, 0.8662151027292053, 0.2102638376194171, -0.1016794635303467, 0.0, 0.0, 0.0, 1.0], "fov": 75.0, "aspect": 1.7777777777777777}, {"camera_to_world": [0.506192449972889, -0.44430626482238655, 0.7391624629471004, 0.37441412874307634, 0.733695229095199, -0.22861176444665232, -0.6398655889790696, 0.18709443529349573, 0.4532775246947368, 0.8662151027292053, 0.2102638376194171, -0.10187007043251346, 0.0, 0.0, 0.0, 1.0], "fov": 75.0, "aspect": 1.7777777777777777}, {"camera_to_world": [0.506192449972889, -0.44430626482238655, 0.7391624629471004, 0.3737343325218828, 0.733695229095199, -0.22861176444665232, -0.6398655889790696, 0.1876829097240362, 0.4532775246947368, 0.8662151027292053, 0.2102638376194171, -0.10206344681379967, 0.0, 0.0, 0.0, 1.0], "fov": 75.0, "aspect": 1.7777777777777777}, {"camera_to_world": [0.506192449972889, -0.44430626482238655, 0.7391624629471004, 0.37304462344577416, 0.733695229095199, -0.22861176444665232, -0.6398655889790696, 0.18827996534621821, 0.4532775246947368, 0.8662151027292053, 0.2102638376194171, -0.10225964302837114, 0.0, 0.0, 0.0, 1.0], "fov": 75.0, "aspect": 1.7777777777777777}, {"camera_to_world": [0.506192449972889, -0.44430626482238655, 0.7391624629471004, 0.372344824499484, 0.733695229095199, -0.22861176444665232, -0.6398655889790696, 0.18888575539560684, 0.4532775246947368, 0.8662151027292053, 0.2102638376194171, -0.1024587094303937, 0.0, 0.0, 0.0, 1.0], "fov": 75.0, "aspect": 1.7777777777777777}, {"camera_to_world": [0.506192449972889, -0.44430626482238655, 0.7391624629471004, 0.37163475866774587, 0.733695229095199, -0.22861176444665232, -0.6398655889790696, 0.18950043310776704, 0.4532775246947368, 0.8662151027292053, 0.2102638376194171, -0.10266069637403312, 0.0, 0.0, 0.0, 1.0], "fov": 75.0, "aspect": 1.7777777777777777}, {"camera_to_world": [0.506192449972889, -0.44430626482238655, 0.7391624629471003, 0.37091424893529346, 0.7336952290951988, -0.228611764446652, -0.6398655889790695, 0.1901241517182638, 0.45327752469473676, 0.866215102729205, 0.21026383761941747, -0.10286565421345524, 0.0, 0.0, 0.0, 1.0], "fov": 75.0, "aspect": 1.7777777777777777}, {"camera_to_world": [0.506192449972889, -0.44430626482238655, 0.7391624629471003, 0.3701821221053062, 0.7336952290951988, -0.228611764446652, -0.6398655889790695, 0.1907579268201668, 0.45327752469473676, 0.866215102729205, 0.21026383761941747, -0.10307391667889956, 0.0, 0.0, 0.0, 1.0], "fov": 75.0, "aspect": 1.7777777777777777}, {"camera_to_world": [0.506192449972889, -0.44430626482238655, 0.7391624629471003, 0.36943751253939605, 0.7336952290951988, -0.228611764446652, -0.6398655889790695, 0.1914025077645926, 0.45327752469473676, 0.866215102729205, 0.21026383761941747, -0.10328573001183336, 0.0, 0.0, 0.0, 1.0], "fov": 75.0, "aspect": 1.7777777777777777}, {"camera_to_world": [0.506192449972889, -0.44430626482238655, 0.7391624629471003, 0.3686807045599455, 0.7336952290951988, -0.228611764446652, -0.6398655889790695, 0.19205764842417697, 0.45327752469473676, 0.866215102729205, 0.21026383761941747, -0.10350101333326422, 0.0, 0.0, 0.0, 1.0], "fov": 75.0, "aspect": 1.7777777777777777}, {"camera_to_world": [0.506192449972889, -0.44430626482238655, 0.7391624629471003, 0.36791198248933726, 0.7336952290951988, -0.228611764446652, -0.6398655889790695, 0.19272310267155554, 0.45327752469473676, 0.866215102729205, 0.21026383761941747, -0.10371968576419963, 0.0, 0.0, 0.0, 1.0], "fov": 75.0, "aspect": 1.7777777777777777}, {"camera_to_world": [0.506192449972889, -0.44430626482238655, 0.7391624629471003, 0.36713163064995386, 0.7336952290951988, -0.228611764446652, -0.6398655889790695, 0.19339862437936406, 0.45327752469473676, 0.866215102729205, 0.21026383761941747, -0.10394166642564709, 0.0, 0.0, 0.0, 1.0], "fov": 75.0, "aspect": 1.7777777777777777}, {"camera_to_world": [0.506192449972889, -0.44430626482238655, 0.7391624629471003, 0.36633993336417786, 0.7336952290951988, -0.228611764446652, -0.6398655889790695, 0.1940839674202382, 0.45327752469473676, 0.866215102729205, 0.21026383761941747, -0.10416687443861412, 0.0, 0.0, 0.0, 1.0], "fov": 75.0, "aspect": 1.7777777777777777}, {"camera_to_world": [0.506192449972889, -0.44430626482238655, 0.7391624629471003, 0.365537174954392, 0.7336952290951988, -0.228611764446652, -0.6398655889790695, 0.19477888566681364, 0.45327752469473676, 0.866215102729205, 0.21026383761941747, -0.10439522892410824, 0.0, 0.0, 0.0, 1.0], "fov": 75.0, "aspect": 1.7777777777777777}, {"camera_to_world": [0.506192449972889, -0.44430626482238655, 0.7391624629471003, 0.3647236397429786, 0.7336952290951988, -0.228611764446652, -0.6398655889790695, 0.1954831329917261, 0.45327752469473676, 0.866215102729205, 0.21026383761941747, -0.10462664900313697, 0.0, 0.0, 0.0, 1.0], "fov": 75.0, "aspect": 1.7777777777777777}, {"camera_to_world": [0.506192449972889, -0.44430626482238655, 0.7391624629471003, 0.36389961205232046, 0.7336952290951988, -0.228611764446652, -0.6398655889790695, 0.1961964632676113, 0.45327752469473676, 0.866215102729205, 0.21026383761941747, -0.10486105379670782, 0.0, 0.0, 0.0, 1.0], "fov": 75.0, "aspect": 1.7777777777777777}, {"camera_to_world": [0.506192449972889, -0.44430626482238655, 0.7391624629471003, 0.3630653762048001, 0.7336952290951988, -0.228611764446652, -0.6398655889790695, 0.19691863036710494, 0.45327752469473676, 0.866215102729205, 0.21026383761941747, -0.10509836242582835, 0.0, 0.0, 0.0, 1.0], "fov": 75.0, "aspect": 1.7777777777777777}, {"camera_to_world": [0.506192449972889, -0.44430626482238655, 0.7391624629471003, 0.36222121652280015, 0.7336952290951988, -0.228611764446652, -0.6398655889790695, 0.19764938816284267, 0.45327752469473676, 0.866215102729205, 0.21026383761941747, -0.10533849401150604, 0.0, 0.0, 0.0, 1.0], "fov": 75.0, "aspect": 1.7777777777777777}, {"camera_to_world": [0.506192449972889, -0.44430626482238655, 0.7391624629471003, 0.3613674173287031, 0.7336952290951988, -0.228611764446652, -0.6398655889790695, 0.1983884905274602, 0.45327752469473676, 0.866215102729205, 0.21026383761941747, -0.10558136767474838, 0.0, 0.0, 0.0, 1.0], "fov": 75.0, "aspect": 1.7777777777777777}, {"camera_to_world": [0.506192449972889, -0.44430626482238655, 0.7391624629471003, 0.3605042629448917, 0.7336952290951988, -0.228611764446652, -0.6398655889790695, 0.19913569133359327, 0.45327752469473676, 0.866215102729205, 0.21026383761941747, -0.1058269025365629, 0.0, 0.0, 0.0, 1.0], "fov": 75.0, "aspect": 1.7777777777777777}, {"camera_to_world": [0.506192449972889, -0.44430626482238655, 0.7391624629471003, 0.3596320376937484, 0.7336952290951988, -0.228611764446652, -0.6398655889790695, 0.19989074445387753, 0.45327752469473676, 0.866215102729205, 0.21026383761941747, -0.10607501771795717, 0.0, 0.0, 0.0, 1.0], "fov": 75.0, "aspect": 1.7777777777777777}, {"camera_to_world": [0.506192449972889, -0.44430626482238655, 0.7391624629471003, 0.35875102589765584, 0.7336952290951988, -0.228611764446652, -0.6398655889790695, 0.20065340376094873, 0.45327752469473676, 0.866215102729205, 0.21026383761941747, -0.10632563233993866, 0.0, 0.0, 0.0, 1.0], "fov": 75.0, "aspect": 1.7777777777777777}, {"camera_to_world": [0.506192449972889, -0.44430626482238655, 0.7391624629471003, 0.3578615118789966, 0.7336952290951988, -0.228611764446652, -0.6398655889790695, 0.20142342312744255, 0.45327752469473676, 0.866215102729205, 0.21026383761941747, -0.10657866552351491, 0.0, 0.0, 0.0, 1.0], "fov": 75.0, "aspect": 1.7777777777777777}, {"camera_to_world": [0.506192449972889, -0.44430626482238655, 0.7391624629471003, 0.3569637799601534, 0.7336952290951988, -0.228611764446652, -0.6398655889790695, 0.2022005564259946, 0.45327752469473676, 0.866215102729205, 0.21026383761941747, -0.1068340363896934, 0.0, 0.0, 0.0, 1.0], "fov": 75.0, "aspect": 1.7777777777777777}, {"camera_to_world": [0.506192449972889, -0.44430626482238655, 0.7391624629471003, 0.3560581144635086, 0.7336952290951988, -0.228611764446652, -0.6398655889790695, 0.20298455752924074, 0.45327752469473676, 0.866215102729205, 0.21026383761941747, -0.1070916640594817, 0.0, 0.0, 0.0, 1.0], "fov": 75.0, "aspect": 1.7777777777777777}, {"camera_to_world": [0.506192449972889, -0.44430626482238655, 0.7391624629471003, 0.35514479971144486, 0.7336952290951988, -0.228611764446652, -0.6398655889790695, 0.20377518030981653, 0.45327752469473676, 0.866215102729205, 0.21026383761941747, -0.10735146765388726, 0.0, 0.0, 0.0, 1.0], "fov": 75.0, "aspect": 1.7777777777777777}, {"camera_to_world": [0.506192449972889, -0.44430626482238655, 0.7391624629471003, 0.35422412002634485, 0.7336952290951988, -0.228611764446652, -0.6398655889790695, 0.20457217864035776, 0.45327752469473676, 0.866215102729205, 0.21026383761941747, -0.10761336629391764, 0.0, 0.0, 0.0, 1.0], "fov": 75.0, "aspect": 1.7777777777777777}, {"camera_to_world": [0.506192449972889, -0.44430626482238655, 0.7391624629471003, 0.3532963597305912, 0.7336952290951988, -0.228611764446652, -0.6398655889790695, 0.20537530639350007, 0.45327752469473676, 0.866215102729205, 0.21026383761941747, -0.10787727910058038, 0.0, 0.0, 0.0, 1.0], "fov": 75.0, "aspect": 1.7777777777777777}, {"camera_to_world": [0.506192449972889, -0.44430626482238655, 0.7391624629471003, 0.35236180314656634, 0.7336952290951988, -0.228611764446652, -0.6398655889790695, 0.2061843174418792, 0.45327752469473676, 0.866215102729205, 0.21026383761941747, -0.10814312519488294, 0.0, 0.0, 0.0, 1.0], "fov": 75.0, "aspect": 1.7777777777777777}, {"camera_to_world": [0.506192449972889, -0.44430626482238655, 0.7391624629471003, 0.3514207345966529, 0.7336952290951988, -0.228611764446652, -0.6398655889790695, 0.20699896565813086, 0.45327752469473676, 0.866215102729205, 0.21026383761941747, -0.1084108236978329, 0.0, 0.0, 0.0, 1.0], "fov": 75.0, "aspect": 1.7777777777777777}, {"camera_to_world": [0.506192449972889, -0.44430626482238655, 0.7391624629471003, 0.35047343840323364, 0.7336952290951988, -0.228611764446652, -0.6398655889790695, 0.20781900491489064, 0.45327752469473676, 0.866215102729205, 0.21026383761941747, -0.10868029373043772, 0.0, 0.0, 0.0, 1.0], "fov": 75.0, "aspect": 1.7777777777777777}, {"camera_to_world": [0.506192449972889, -0.44430626482238655, 0.7391624629471003, 0.3495201988886909, 0.7336952290951988, -0.228611764446652, -0.6398655889790695, 0.20864418908479437, 0.45327752469473676, 0.866215102729205, 0.21026383761941747, -0.10895145441370493, 0.0, 0.0, 0.0, 1.0], "fov": 75.0, "aspect": 1.7777777777777777}, {"camera_to_world": [0.506192449972889, -0.44430626482238655, 0.7391624629471003, 0.34856130037540745, 0.7336952290951988, -0.228611764446652, -0.6398655889790695, 0.2094742720404777, 0.45327752469473676, 0.866215102729205, 0.21026383761941747, -0.10922422486864207, 0.0, 0.0, 0.0, 1.0], "fov": 75.0, "aspect": 1.7777777777777777}, {"camera_to_world": [0.506192449972889, -0.44430626482238655, 0.7391624629471003, 0.3475970271857658, 0.7336952290951988, -0.228611764446652, -0.6398655889790695, 0.21030900765457625, 0.45327752469473676, 0.866215102729205, 0.21026383761941747, -0.10949852421625664, 0.0, 0.0, 0.0, 1.0], "fov": 75.0, "aspect": 1.7777777777777777}, {"camera_to_world": [0.506192449972889, -0.44430626482238655, 0.7391624629471003, 0.3466276636421485, 0.7336952290951988, -0.228611764446652, -0.6398655889790695, 0.2111481497997259, 0.45327752469473676, 0.866215102729205, 0.21026383761941747, -0.10977427157755618, 0.0, 0.0, 0.0, 1.0], "fov": 75.0, "aspect": 1.7777777777777777}, {"camera_to_world": [0.506192449972889, -0.44430626482238655, 0.7391624629471003, 0.3456534940669383, 0.7336952290951988, -0.228611764446652, -0.6398655889790695, 0.21199145234856215, 0.45327752469473676, 0.866215102729205, 0.21026383761941747, -0.11005138607354814, 0.0, 0.0, 0.0, 1.0], "fov": 75.0, "aspect": 1.7777777777777777}, {"camera_to_world": [0.506192449972889, -0.44430626482238655, 0.7391624629471003, 0.3446748027825176, 0.7336952290951988, -0.228611764446652, -0.6398655889790695, 0.21283866917372082, 0.45327752469473676, 0.866215102729205, 0.21026383761941747, -0.11032978682524015, 0.0, 0.0, 0.0, 1.0], "fov": 75.0, "aspect": 1.7777777777777777}, {"camera_to_world": [0.506192449972889, -0.44430626482238655, 0.7391624629471003, 0.3436918741112691, 0.7336952290951988, -0.228611764446652, -0.6398655889790695, 0.21368955414783758, 0.45327752469473676, 0.866215102729205, 0.21026383761941747, -0.11060939295363961, 0.0, 0.0, 0.0, 1.0], "fov": 75.0, "aspect": 1.7777777777777777}, {"camera_to_world": [0.506192449972889, -0.44430626482238655, 0.7391624629471003, 0.34270499237557545, 0.7336952290951988, -0.228611764446652, -0.6398655889790695, 0.21454386114354812, 0.45327752469473676, 0.866215102729205, 0.21026383761941747, -0.11089012357975411, 0.0, 0.0, 0.0, 1.0], "fov": 75.0, "aspect": 1.7777777777777777}, {"camera_to_world": [0.506192449972889, -0.44430626482238655, 0.7391624629471003, 0.341714441897819, 0.7336952290951988, -0.228611764446652, -0.6398655889790695, 0.21540134403348818, 0.45327752469473676, 0.866215102729205, 0.21026383761941747, -0.11117189782459114, 0.0, 0.0, 0.0, 1.0], "fov": 75.0, "aspect": 1.7777777777777777}, {"camera_to_world": [0.506192449972889, -0.44430626482238655, 0.7391624629471003, 0.34072050700038264, 0.7336952290951988, -0.228611764446652, -0.6398655889790695, 0.2162617566902934, 0.45327752469473676, 0.866215102729205, 0.21026383761941747, -0.11145463480915822, 0.0, 0.0, 0.0, 1.0], "fov": 75.0, "aspect": 1.7777777777777777}, {"camera_to_world": [0.506192449972889, -0.44430626482238655, 0.7391624629471003, 0.3397234720056488, 0.7336952290951988, -0.228611764446652, -0.6398655889790695, 0.21712485298659953, 0.45327752469473676, 0.866215102729205, 0.21026383761941747, -0.11173825365446288, 0.0, 0.0, 0.0, 1.0], "fov": 75.0, "aspect": 1.7777777777777777}, {"camera_to_world": [0.506192449972889, -0.44430626482238655, 0.7391624629471003, 0.33872362123599997, 0.7336952290951988, -0.228611764446652, -0.6398655889790695, 0.2179903867950422, 0.45327752469473676, 0.866215102729205, 0.21026383761941747, -0.1120226734815126, 0.0, 0.0, 0.0, 1.0], "fov": 75.0, "aspect": 1.7777777777777777}, {"camera_to_world": [0.506192449972889, -0.44430626482238655, 0.7391624629471003, 0.33772123901381895, 0.7336952290951988, -0.228611764446652, -0.6398655889790695, 0.21885811198825716, 0.45327752469473676, 0.866215102729205, 0.21026383761941747, -0.11230781341131497, 0.0, 0.0, 0.0, 1.0], "fov": 75.0, "aspect": 1.7777777777777777}, {"camera_to_world": [0.506192449972889, -0.44430626482238655, 0.7391624629471003, 0.33671660966148825, 0.7336952290951988, -0.228611764446652, -0.6398655889790695, 0.21972778243888008, 0.45327752469473676, 0.866215102729205, 0.21026383761941747, -0.11259359256487741, 0.0, 0.0, 0.0, 1.0], "fov": 75.0, "aspect": 1.7777777777777777}, {"camera_to_world": [0.506192449972889, -0.44430626482238655, 0.7391624629471003, 0.3357100175013904, 0.7336952290951988, -0.228611764446652, -0.6398655889790695, 0.22059915201954666, 0.45327752469473676, 0.866215102729205, 0.21026383761941747, -0.11287993006320751, 0.0, 0.0, 0.0, 1.0], "fov": 75.0, "aspect": 1.7777777777777777}, {"camera_to_world": [0.506192449972889, -0.44430626482238655, 0.7391624629471003, 0.3347017468559081, 0.7336952290951988, -0.228611764446652, -0.6398655889790695, 0.22147197460289272, 0.45327752469473676, 0.866215102729205, 0.21026383761941747, -0.11316674502731276, 0.0, 0.0, 0.0, 1.0], "fov": 75.0, "aspect": 1.7777777777777777}, {"camera_to_world": [0.506192449972889, -0.44430626482238655, 0.7391624629471003, 0.3336920820474238, 0.7336952290951988, -0.228611764446652, -0.6398655889790695, 0.22234600406155375, 0.45327752469473676, 0.866215102729205, 0.21026383761941747, -0.1134539565782007, 0.0, 0.0, 0.0, 1.0], "fov": 75.0, "aspect": 1.7777777777777777}, {"camera_to_world": [0.506192449972889, -0.44430626482238655, 0.7391624629471003, 0.3326813073983202, 0.7336952290951988, -0.228611764446652, -0.6398655889790695, 0.22322099426816555, 0.45327752469473676, 0.866215102729205, 0.21026383761941747, -0.1137414838368788, 0.0, 0.0, 0.0, 1.0], "fov": 75.0, "aspect": 1.7777777777777777}, {"camera_to_world": [0.506192449972889, -0.44430626482238655, 0.7391624629471003, 0.3316697072309799, 0.7336952290951988, -0.228611764446652, -0.6398655889790695, 0.2240966990953639, 0.45327752469473676, 0.866215102729205, 0.21026383761941747, -0.11402924592435464, 0.0, 0.0, 0.0, 1.0], "fov": 75.0, "aspect": 1.7777777777777777}, {"camera_to_world": [0.506192449972889, -0.44430626482238655, 0.7391624629471003, 0.33065756586778533, 0.7336952290951988, -0.228611764446652, -0.6398655889790695, 0.22497287241578431, 0.45327752469473676, 0.866215102729205, 0.21026383761941747, -0.11431716196163569, 0.0, 0.0, 0.0, 1.0], "fov": 75.0, "aspect": 1.7777777777777777}, {"camera_to_world": [0.506192449972889, -0.44430626482238655, 0.7391624629471003, 0.3296451676311193, 0.7336952290951988, -0.228611764446652, -0.6398655889790695, 0.22584926